1403638522.827830 0.020021 0.005823 0.182206 -0.055571 0.818886 0.023182 0.570789
1403638522.927830 0.029133 0.008240 0.281812 -0.068302 0.813522 0.018126 0.577225
1403638523.027829 0.032726 0.004499 0.344561 -0.072451 0.809470 0.015135 0.582478
1403638523.127830 0.032800 -0.000630 0.366552 -0.072164 0.808014 0.015567 0.584520
1403638523.227829 0.030998 -0.006885 0.378587 -0.067891 0.806504 0.015363 0.587117
1403638523.327830 0.029832 -0.013368 0.360448 -0.058486 0.804182 0.014728 0.591315
1403638523.427830 0.028973 -0.018566 0.324073 -0.055201 0.805102 0.015405 0.590361
1403638523.527829 0.025681 -0.024606 0.278406 -0.049127 0.811896 0.019072 0.581419
1403638523.627830 0.019869 -0.032174 0.227782 -0.041625 0.822176 0.022914 0.567247
1403638523.727829 0.014115 -0.038218 0.179428 -0.036757 0.829177 0.025751 0.557181
1403638523.827830 0.007823 -0.043011 0.134334 -0.034562 0.831598 0.028396 0.553574
1403638523.927830 0.000951 -0.048373 0.094370 -0.027368 0.831197 0.032700 0.554340
1403638524.027829 -0.004079 -0.051496 0.070085 -0.018606 0.832669 0.040360 0.551985
1403638524.127830 -0.006767 -0.051417 0.071911 -0.014749 0.836963 0.047905 0.544959
1403638524.227829 -0.006139 -0.050120 0.108759 -0.019518 0.840260 0.050583 0.539466
1403638524.327830 -0.003282 -0.050167 0.158938 -0.027755 0.839114 0.050245 0.540919
1403638524.427830 0.002917 -0.049234 0.217016 -0.036714 0.834398 0.048232 0.547819
1403638524.527829 0.010447 -0.047834 0.277688 -0.042145 0.826099 0.047592 0.559928
1403638524.627830 0.019275 -0.045372 0.335258 -0.042593 0.818068 0.043977 0.571854
1403638524.727829 0.027567 -0.041275 0.382978 -0.033452 0.813075 0.038736 0.579904
1403638524.827830 0.033376 -0.036693 0.416091 -0.020973 0.810453 0.033696 0.584457
1403638524.927830 0.037137 -0.032048 0.434753 -0.025112 0.809280 0.033737 0.585915
1403638525.027829 0.037581 -0.030004 0.433953 -0.029628 0.806989 0.037294 0.588642
1403638525.127830 0.038855 -0.028555 0.409708 -0.025460 0.804563 0.041306 0.591882
1403638525.227829 0.039620 -0.028431 0.368468 -0.024269 0.804760 0.046374 0.591288
1403638525.327830 0.038317 -0.027410 0.316229 -0.025152 0.810617 0.051233 0.582789
1403638525.427830 0.034559 -0.028385 0.262704 -0.030608 0.821805 0.054817 0.566299
1403638525.527829 0.030740 -0.028699 0.212958 -0.039888 0.833202 0.055629 0.548715
1403638525.627830 0.028038 -0.030598 0.170085 -0.043574 0.839039 0.053935 0.539634
1403638525.727829 0.026827 -0.033892 0.135829 -0.042234 0.839612 0.049802 0.539247
1403638525.827830 0.026304 -0.033915 0.109845 -0.037947 0.836630 0.043941 0.544683
1403638525.927830 0.024966 -0.036638 0.092103 -0.029097 0.833532 0.041239 0.550161
1403638526.027829 0.022135 -0.050277 0.085698 -0.022983 0.833791 0.040959 0.550078
1403638526.127830 0.017369 -0.076671 0.091945 -0.020413 0.836371 0.034735 0.546681
1403638526.227829 0.013798 -0.109373 0.103572 -0.018205 0.837399 0.025331 0.545701
1403638526.327830 0.008046 -0.147238 0.118028 -0.015154 0.834541 0.016801 0.550481
1403638526.427830 0.000020 -0.190329 0.131724 -0.012794 0.829719 0.007201 0.557989
1403638526.527829 -0.010447 -0.236972 0.142495 -0.011949 0.824576 -0.004473 0.565608
1403638526.627830 -0.021618 -0.290822 0.149859 -0.009582 0.819013 -0.014065 0.573523
1403638526.727829 -0.035096 -0.351642 0.155606 -0.004186 0.814938 -0.021242 0.579144
1403638526.827830 -0.050845 -0.416339 0.159610 0.006256 0.812735 -0.024892 0.582067
1403638526.927830 -0.067977 -0.479155 0.162671 0.010760 0.813933 -0.028893 0.580140
1403638527.027829 -0.083934 -0.538640 0.165620 0.016613 0.818259 -0.038624 0.573310
1403638527.127830 -0.097382 -0.593170 0.170001 0.024621 0.821869 -0.053525 0.566622
1403638527.227829 -0.107389 -0.639033 0.176065 0.033251 0.821238 -0.068162 0.565524
1403638527.327830 -0.112560 -0.670671 0.183082 0.047924 0.816719 -0.079810 0.569477
1403638527.427830 -0.110535 -0.683939 0.188017 0.061771 0.811942 -0.086068 0.574044
1403638527.527829 -0.103995 -0.675578 0.190008 0.068116 0.809866 -0.088669 0.575861
1403638527.627830 -0.090714 -0.644268 0.188979 0.068440 0.810069 -0.087982 0.575641
1403638527.727829 -0.075535 -0.599225 0.187707 0.065138 0.810784 -0.081413 0.575985
1403638527.827830 -0.060649 -0.547106 0.188577 0.055748 0.813276 -0.075753 0.574226
1403638527.927830 -0.042688 -0.490207 0.192161 0.041495 0.815755 -0.071108 0.572508
1403638528.027829 -0.021324 -0.431567 0.193977 0.035182 0.815148 -0.064834 0.574537
1403638528.127830 -0.001393 -0.373275 0.193151 0.026092 0.814385 -0.056612 0.576967
1403638528.227829 0.020989 -0.320827 0.189434 0.014902 0.815679 -0.046713 0.576423
1403638528.327830 0.049269 -0.277389 0.183921 0.003669 0.816514 -0.036174 0.576179
1403638528.427830 0.080653 -0.246431 0.177923 0.001314 0.815116 -0.030432 0.578497
1403638528.527829 0.115318 -0.224778 0.172957 0.002993 0.815801 -0.030265 0.577533
1403638528.627830 0.150276 -0.208691 0.170647 0.002200 0.817933 -0.037420 0.574091
1403638528.727829 0.182672 -0.197758 0.171982 0.003923 0.817953 -0.042981 0.573663
1403638528.827830 0.204361 -0.190297 0.176867 0.005631 0.816831 -0.048934 0.574770
1403638528.927830 0.209826 -0.183898 0.186776 -0.000717 0.815964 -0.056667 0.575318
1403638529.027829 0.199979 -0.175282 0.202651 -0.006271 0.816608 -0.060901 0.573936
1403638529.127830 0.175072 -0.162796 0.216964 0.004355 0.817403 -0.057465 0.573176
1403638529.227829 0.142613 -0.144605 0.221174 0.019782 0.818706 -0.050133 0.571679
1403638529.327830 0.106863 -0.124032 0.215475 0.027475 0.822028 -0.044944 0.567005
1403638529.427830 0.074375 -0.100682 0.198109 0.029227 0.829759 -0.041169 0.555834
1403638529.527829 0.046923 -0.085017 0.176068 0.025374 0.841053 -0.039118 0.538939
1403638529.627830 0.026818 -0.072066 0.150046 0.026079 0.848552 -0.035515 0.527274
1403638529.727829 0.014365 -0.063868 0.123322 0.025511 0.848680 -0.033237 0.527245
1403638529.827830 0.007985 -0.054785 0.101696 0.024240 0.842647 -0.034133 0.536836
1403638529.927830 0.002610 -0.047469 0.082263 0.023898 0.837724 -0.034471 0.544480
1403638530.027829 0.005325 -0.043627 0.068799 0.024276 0.837412 -0.034766 0.544925
1403638530.127830 0.015410 -0.042591 0.058972 0.024506 0.839614 -0.037046 0.541365
1403638530.227829 0.030053 -0.043627 0.049179 0.026683 0.840192 -0.042832 0.539937
1403638530.327830 0.044335 -0.046073 0.039101 0.027872 0.839528 -0.048929 0.540391
1403638530.427830 0.057139 -0.049784 0.030229 0.031242 0.838996 -0.052999 0.540649
1403638530.527829 0.067294 -0.053713 0.023697 0.028899 0.838854 -0.056914 0.540601
1403638530.627830 0.073114 -0.057838 0.018734 0.030654 0.840117 -0.059429 0.538267
1403638530.727829 0.076599 -0.060444 0.013500 0.030987 0.843984 -0.061614 0.531916
1403638530.827830 0.079143 -0.062413 0.008283 0.030989 0.846071 -0.062209 0.528520
1403638530.927830 0.081042 -0.063213 0.004519 0.028564 0.845161 -0.061515 0.530191
1403638531.027829 0.081685 -0.063070 0.001912 0.027155 0.842487 -0.061296 0.534528
1403638531.127830 0.081045 -0.061902 0.001724 0.029586 0.838898 -0.059990 0.540163
1403638531.227829 0.081580 -0.060690 0.000987 0.031915 0.838755 -0.057370 0.540537
1403638531.327830 0.081631 -0.059384 0.000116 0.032625 0.835116 -0.057571 0.546079
1403638531.427830 0.081583 -0.059544 0.000051 0.033441 0.835983 -0.057058 0.544755
1403638531.527829 0.081195 -0.059602 0.000108 0.032957 0.835257 -0.057564 0.545844
1403638531.627830 0.081120 -0.059683 0.000020 0.033504 0.835445 -0.056554 0.545628
1403638531.727829 0.081101 -0.059647 -0.000051 0.033496 0.835606 -0.057064 0.545329
1403638531.827830 0.081148 -0.059642 -0.000107 0.033499 0.835634 -0.057220 0.545270
1403638531.927830 0.081151 -0.059602 -0.000146 0.033411 0.835618 -0.057424 0.545279
1403638532.027829 0.081168 -0.059566 -0.000206 0.033343 0.835613 -0.057581 0.545273
1403638532.127830 0.081212 -0.059583 -0.000226 0.033362 0.835616 -0.057684 0.545257
1403638532.227829 0.081159 -0.059610 -0.000246 0.033605 0.835677 -0.057598 0.545158
1403638532.327830 0.081181 -0.059657 -0.000258 0.033750 0.835661 -0.057594 0.545174
1403638532.427830 0.081159 -0.059696 -0.000270 0.033838 0.835681 -0.057571 0.545141
1403638532.527829 0.081157 -0.059713 -0.000286 0.033885 0.835687 -0.057640 0.545121
1403638532.627830 0.081169 -0.059728 -0.000316 0.033910 0.835702 -0.057711 0.545089
1403638532.727829 0.081159 -0.059722 -0.000340 0.033930 0.835686 -0.057775 0.545105
1403638532.827830 0.081172 -0.059727 -0.000336 0.033948 0.835685 -0.057844 0.545098
1403638532.927830 0.081146 -0.059733 -0.000349 0.034064 0.835692 -0.057840 0.545082
1403638533.027829 0.081150 -0.059764 -0.000353 0.034144 0.835679 -0.057900 0.545090
1403638533.127830 0.081138 -0.059781 -0.000361 0.034197 0.835689 -0.057951 0.545066
1403638533.227829 0.081131 -0.059799 -0.000387 0.034258 0.835679 -0.058005 0.545070
1403638533.327830 0.081136 -0.059808 -0.000389 0.034348 0.835668 -0.058049 0.545078
1403638533.427830 0.081115 -0.059822 -0.000413 0.034338 0.835669 -0.058109 0.545070
1403638533.527829 0.081125 -0.059836 -0.000414 0.034419 0.835659 -0.058154 0.545075
1403638533.627830 0.081122 -0.059871 -0.000417 0.034530 0.835657 -0.058173 0.545070
1403638533.727829 0.081093 -0.059886 -0.000428 0.034673 0.835685 -0.058262 0.545008
1403638533.827830 0.081101 -0.059916 -0.000440 0.034688 0.835641 -0.058360 0.545064
1403638533.927830 0.081145 -0.059923 -0.000495 0.034704 0.835685 -0.058278 0.545004
1403638534.027829 0.081111 -0.059938 -0.000490 0.034840 0.835641 -0.058469 0.545042
1403638534.127830 0.081085 -0.059966 -0.000466 0.035007 0.835691 -0.058676 0.544933
1403638534.227829 0.081066 -0.059954 -0.000458 0.034923 0.835679 -0.058759 0.544948
1403638534.327830 0.081093 -0.059937 -0.000431 0.034770 0.835726 -0.058724 0.544889
1403638534.427830 0.081088 -0.059932 -0.000434 0.034785 0.835786 -0.058795 0.544789
1403638534.527829 0.081073 -0.060012 -0.000423 0.035161 0.835792 -0.059147 0.544718
1403638534.627830 0.081099 -0.060021 -0.000384 0.035121 0.835844 -0.058842 0.544673
1403638534.727829 0.081116 -0.060033 -0.000391 0.035033 0.835849 -0.058651 0.544692
1403638534.827830 0.081105 -0.060057 -0.000390 0.035208 0.835812 -0.058785 0.544722
1403638534.927830 0.081078 -0.060128 -0.000404 0.035606 0.835802 -0.059068 0.544681
1403638535.027829 0.081086 -0.060181 -0.000392 0.035676 0.835810 -0.059116 0.544659
1403638535.127830 0.081079 -0.060225 -0.000379 0.035870 0.835819 -0.059193 0.544625
1403638535.227829 0.081072 -0.060258 -0.000391 0.035918 0.835786 -0.059270 0.544665
1403638535.327830 0.081072 -0.060293 -0.000389 0.036071 0.835780 -0.059396 0.544650
1403638535.427830 0.081071 -0.060301 -0.000369 0.036258 0.835754 -0.059433 0.544673
1403638535.527829 0.081083 -0.060315 -0.000368 0.036318 0.835725 -0.059536 0.544701
1403638535.627830 0.081084 -0.060324 -0.000373 0.036386 0.835731 -0.059538 0.544687
1403638535.727829 0.081085 -0.060355 -0.000367 0.036509 0.835706 -0.059654 0.544706
1403638535.827830 0.081090 -0.060402 -0.000368 0.036629 0.835671 -0.059739 0.544742
1403638535.927830 0.081082 -0.060411 -0.000374 0.036707 0.835664 -0.059832 0.544738
1403638536.027829 0.081083 -0.060441 -0.000367 0.036716 0.835658 -0.059874 0.544741
1403638536.127830 0.081085 -0.060460 -0.000366 0.036815 0.835646 -0.059968 0.544743
1403638536.227829 0.081102 -0.060490 -0.000350 0.036886 0.835621 -0.060039 0.544768
1403638536.327830 0.081099 -0.060503 -0.000370 0.036921 0.835546 -0.060048 0.544879
1403638536.427830 0.081100 -0.060514 -0.000372 0.037047 0.835521 -0.060145 0.544899
1403638536.527829 0.081103 -0.060545 -0.000356 0.037119 0.835515 -0.060166 0.544901
1403638536.627830 0.081092 -0.060545 -0.000359 0.037204 0.835456 -0.060297 0.544971
1403638536.727829 0.081100 -0.060572 -0.000362 0.037345 0.835435 -0.060277 0.544996
1403638536.827830 0.081100 -0.060621 -0.000368 0.037469 0.835397 -0.060402 0.545032
1403638536.927830 0.081098 -0.060656 -0.000368 0.037552 0.835364 -0.060457 0.545070
1403638537.027829 0.081110 -0.060670 -0.000350 0.037643 0.835376 -0.060494 0.545041
1403638537.127830 0.081120 -0.060658 -0.000349 0.037803 0.835344 -0.060469 0.545082
1403638537.227829 0.081122 -0.060656 -0.000334 0.037867 0.835348 -0.060579 0.545060
1403638537.327830 0.081131 -0.060668 -0.000336 0.037899 0.835309 -0.060613 0.545114
1403638537.427830 0.081136 -0.060672 -0.000339 0.037913 0.835287 -0.060612 0.545146
1403638537.527829 0.081145 -0.060668 -0.000320 0.038008 0.835288 -0.060601 0.545140
1403638537.627830 0.081152 -0.060668 -0.000285 0.038157 0.835285 -0.060525 0.545143
1403638537.727829 0.081155 -0.060717 -0.000270 0.038246 0.835327 -0.060594 0.545063
1403638537.827830 0.081148 -0.060704 -0.000253 0.038290 0.835297 -0.060639 0.545102
1403638537.927830 0.081171 -0.060719 -0.000264 0.038323 0.835244 -0.060654 0.545179
1403638538.027829 0.081166 -0.060744 -0.000208 0.038407 0.835308 -0.060723 0.545067
1403638538.127830 0.081155 -0.060750 -0.000196 0.038601 0.835202 -0.060727 0.545215
1403638538.227829 0.081179 -0.060749 -0.000208 0.038632 0.835193 -0.060773 0.545221
1403638538.327830 0.081166 -0.060766 -0.000220 0.038674 0.835184 -0.060715 0.545239
1403638538.427830 0.081240 -0.060734 -0.000152 0.038762 0.835070 -0.060772 0.545401
1403638538.527829 0.081205 -0.060771 -0.000062 0.038789 0.835061 -0.060850 0.545405
1403638538.627830 0.081153 -0.060818 0.000032 0.039054 0.834860 -0.060994 0.545677
1403638538.727829 0.081123 -0.060880 0.000155 0.039204 0.834525 -0.060928 0.546186
1403638538.827830 0.081905 -0.060724 0.000295 0.038758 0.833981 -0.060439 0.547102
1403638538.927830 0.084161 -0.060472 0.001967 0.038906 0.831116 -0.059716 0.551513
1403638539.027829 0.087467 -0.060347 0.005176 0.040049 0.826462 -0.060308 0.558318
1403638539.127830 0.093443 -0.060477 0.011018 0.039931 0.819813 -0.061675 0.567899
1403638539.227829 0.101338 -0.060165 0.022698 0.039836 0.815030 -0.061027 0.574817
1403638539.327830 0.109738 -0.060081 0.042070 0.039368 0.814114 -0.060752 0.576175
1403638539.427830 0.118447 -0.060451 0.068481 0.039297 0.815737 -0.059702 0.573989
1403638539.527829 0.128181 -0.061331 0.099352 0.038947 0.817743 -0.058570 0.571270
1403638539.627830 0.136662 -0.061804 0.131504 0.038108 0.818422 -0.057656 0.570446
1403638539.727829 0.145772 -0.062612 0.153993 0.037509 0.819073 -0.056686 0.569649
1403638539.827830 0.156123 -0.062978 0.165656 0.037349 0.820699 -0.055378 0.567442
1403638539.927830 0.168809 -0.062964 0.173815 0.036058 0.824567 -0.054765 0.561951
1403638540.027829 0.187623 -0.064009 0.179574 0.034768 0.830000 -0.055316 0.553923
1403638540.127830 0.207618 -0.065636 0.186842 0.034379 0.835848 -0.055178 0.545098
1403638540.227829 0.238038 -0.067737 0.193706 0.034841 0.835770 -0.053909 0.545314
1403638540.327830 0.275342 -0.069071 0.204591 0.035625 0.829586 -0.052827 0.554731
1403638540.427830 0.315322 -0.070280 0.213582 0.034977 0.825033 -0.048867 0.561880
1403638540.527829 0.360512 -0.071464 0.217141 0.029569 0.824621 -0.040278 0.563474
1403638540.627830 0.406379 -0.069103 0.223660 0.020934 0.824905 -0.026393 0.564266
1403638540.727829 0.456440 -0.069021 0.228390 0.013801 0.824173 -0.004881 0.566149
1403638540.827830 0.507062 -0.064519 0.233691 0.004876 0.823648 0.021509 0.566672
1403638540.927830 0.558680 -0.055796 0.236768 -0.006830 0.822772 0.049650 0.566158
1403638541.027829 0.611219 -0.042498 0.237948 -0.021781 0.821135 0.072256 0.565723
1403638541.127830 0.663537 -0.023443 0.236428 -0.033884 0.818866 0.088510 0.566107
1403638541.227829 0.718558 -0.005905 0.231220 -0.041647 0.818003 0.099607 0.564991
1403638541.327830 0.773452 0.018762 0.228548 -0.045609 0.817421 0.105532 0.564452
1403638541.427830 0.827562 0.049546 0.231975 -0.048007 0.817525 0.106712 0.563880
1403638541.527829 0.880525 0.084970 0.240347 -0.046754 0.816365 0.107458 0.565522
1403638541.627830 0.935422 0.128195 0.256892 -0.047692 0.814849 0.109691 0.567199
1403638541.727829 0.990836 0.176134 0.279807 -0.054895 0.813044 0.113997 0.568287
1403638541.827830 1.044167 0.230688 0.310965 -0.067095 0.812061 0.120372 0.567067
1403638541.927830 1.095066 0.288108 0.343722 -0.078865 0.810990 0.131928 0.564510
1403638542.027829 1.144298 0.347216 0.370990 -0.092030 0.809270 0.147595 0.561096
1403638542.127830 1.193083 0.406804 0.392321 -0.105613 0.806399 0.166805 0.557442
1403638542.227829 1.240906 0.467740 0.407469 -0.121791 0.802562 0.187820 0.552978
1403638542.327830 1.288779 0.530055 0.417232 -0.136373 0.797475 0.211427 0.548393
1403638542.427830 1.337554 0.593182 0.424220 -0.146635 0.786304 0.232094 0.553495
1403638542.527829 1.384241 0.656601 0.428780 -0.147547 0.772858 0.251491 0.563625
1403638542.627830 1.425744 0.723937 0.432014 -0.144961 0.764475 0.266209 0.568945
1403638542.727829 1.460241 0.793264 0.440039 -0.149210 0.764859 0.270646 0.565224
1403638542.827830 1.487125 0.867026 0.455196 -0.158780 0.769423 0.267846 0.557706
1403638542.927830 1.507469 0.943036 0.476735 -0.164986 0.774948 0.264578 0.549758
1403638543.027829 1.522914 1.019892 0.505168 -0.168179 0.778985 0.261869 0.544356
1403638543.127830 1.537448 1.098343 0.531187 -0.170185 0.781290 0.258694 0.541942
1403638543.227829 1.550600 1.174224 0.553190 -0.169639 0.782225 0.257183 0.541483
1403638543.327830 1.564793 1.252041 0.566758 -0.169908 0.782879 0.254970 0.541500
1403638543.427830 1.579789 1.332784 0.576920 -0.171109 0.782852 0.256448 0.540462
1403638543.527829 1.594924 1.414896 0.583958 -0.175112 0.781051 0.263665 0.538309
1403638543.627830 1.608313 1.497086 0.588750 -0.180288 0.776633 0.279214 0.535141
1403638543.727829 1.620763 1.577405 0.593245 -0.189618 0.769864 0.298621 0.531205
1403638543.827830 1.632336 1.662658 0.602151 -0.199624 0.760089 0.321732 0.528112
1403638543.927830 1.643891 1.752290 0.619271 -0.214005 0.750660 0.342304 0.523010
1403638544.027829 1.652806 1.832291 0.640408 -0.229163 0.744103 0.357047 0.516055
1403638544.127830 1.662448 1.910298 0.662128 -0.241318 0.740565 0.366672 0.508803
1403638544.227829 1.674832 1.992742 0.680636 -0.251027 0.737716 0.371165 0.504972
1403638544.327830 1.690171 2.083596 0.692336 -0.255319 0.735993 0.374251 0.503053
1403638544.427830 1.706829 2.172819 0.700907 -0.256377 0.736611 0.375437 0.500722
1403638544.527829 1.724361 2.262577 0.707776 -0.255495 0.735833 0.375519 0.502251
1403638544.627830 1.742991 2.354585 0.714766 -0.259800 0.730544 0.374859 0.508222
1403638544.727829 1.760813 2.448382 0.729905 -0.263400 0.726020 0.374999 0.512729
1403638544.827830 1.776538 2.540339 0.748954 -0.262324 0.727715 0.376946 0.509440
1403638544.927830 1.794293 2.629693 0.758828 -0.261166 0.730610 0.378386 0.504802
1403638545.027829 1.812600 2.718936 0.763207 -0.262460 0.730053 0.378564 0.504804
1403638545.127830 1.825170 2.808188 0.769602 -0.263402 0.728946 0.378780 0.505749
1403638545.227829 1.841996 2.897227 0.763786 -0.262313 0.729154 0.380548 0.504687
1403638545.327830 1.857184 2.984656 0.755206 -0.263019 0.727012 0.381082 0.507001
1403638545.427830 1.875533 3.075201 0.740219 -0.264906 0.726021 0.380238 0.508073
1403638545.527829 1.893160 3.165599 0.725160 -0.267884 0.724730 0.383715 0.505734
1403638545.627830 1.906974 3.251327 0.717984 -0.275034 0.721151 0.392651 0.500123
1403638545.727829 1.923001 3.334320 0.713211 -0.283307 0.714882 0.406817 0.493135
1403638545.827830 1.939472 3.417596 0.718520 -0.293562 0.704375 0.425334 0.486589
1403638545.927830 1.955125 3.502648 0.729968 -0.303874 0.692728 0.446554 0.477889
1403638546.027829 1.971316 3.588920 0.747705 -0.312356 0.680499 0.467204 0.470186
1403638546.127830 1.989391 3.679381 0.763079 -0.318570 0.669854 0.483297 0.465008
1403638546.227829 2.005897 3.772482 0.771896 -0.325674 0.663491 0.492561 0.459455
1403638546.327830 2.021525 3.866785 0.773831 -0.331625 0.660330 0.497326 0.454594
1403638546.427830 2.035357 3.960305 0.770510 -0.336402 0.659961 0.498452 0.450367
1403638546.527829 2.048673 4.054904 0.763681 -0.337563 0.658910 0.500295 0.448992
1403638546.627830 2.061626 4.151354 0.760589 -0.339634 0.655166 0.505321 0.447277
1403638546.727829 2.073472 4.250030 0.765713 -0.343347 0.650263 0.511146 0.444973
1403638546.827830 2.085418 4.352099 0.780820 -0.344169 0.645910 0.516936 0.443988
1403638546.927830 2.094997 4.456755 0.799318 -0.344381 0.642838 0.521136 0.443371
1403638547.027829 2.103786 4.561833 0.812373 -0.342954 0.639733 0.525007 0.444401
1403638547.127830 2.109612 4.668631 0.817902 -0.339422 0.637080 0.528919 0.446282
1403638547.227829 2.112359 4.775381 0.819842 -0.337500 0.635743 0.530996 0.447177
1403638547.327830 2.108695 4.881628 0.815354 -0.336364 0.634799 0.531808 0.448408
1403638547.427830 2.101947 4.989205 0.810190 -0.341521 0.638131 0.527917 0.444360
1403638547.527829 2.092777 5.097743 0.801759 -0.346325 0.641395 0.523886 0.440698
1403638547.627830 2.079773 5.203399 0.785013 -0.348735 0.643559 0.521342 0.438655
1403638547.727829 2.070349 5.318377 0.766627 -0.347315 0.643926 0.520971 0.439682
1403638547.827830 2.052142 5.418956 0.740181 -0.343283 0.641664 0.523268 0.443412
1403638547.927830 2.038324 5.535992 0.715342 -0.342857 0.641468 0.523243 0.444055
1403638548.027829 2.018863 5.649452 0.696523 -0.344216 0.640878 0.524317 0.442586
1403638548.127830 1.995683 5.769216 0.684133 -0.347742 0.638102 0.528212 0.439197
1403638548.227829 1.973480 5.888997 0.683113 -0.353786 0.632800 0.534963 0.433836
1403638548.327830 1.948988 6.013863 0.689022 -0.361482 0.624865 0.544793 0.426703
1403638548.427830 1.922545 6.139658 0.702013 -0.368550 0.615303 0.557101 0.418583
1403638548.527829 1.899254 6.267365 0.720042 -0.376444 0.606788 0.565859 0.412191
1403638548.627830 1.872902 6.395295 0.730684 -0.381607 0.599582 0.572841 0.408327
1403638548.727829 1.851727 6.517161 0.743863 -0.385479 0.594996 0.577588 0.404695
1403638548.827830 1.825908 6.645942 0.752322 -0.387806 0.592098 0.580688 0.402279
1403638548.927830 1.803505 6.767838 0.773140 -0.389825 0.590384 0.582139 0.400746
1403638549.027829 1.776606 6.897273 0.795268 -0.388917 0.589707 0.583952 0.399985
1403638549.127830 1.750694 7.024548 0.825612 -0.391150 0.590170 0.582507 0.399232
1403638549.227829 1.724490 7.147016 0.860347 -0.391611 0.590183 0.582082 0.399382
1403638549.327830 1.697630 7.279131 0.899305 -0.393205 0.591378 0.580224 0.398750
1403638549.427830 1.671736 7.406189 0.942449 -0.395629 0.592642 0.577753 0.398064
1403638549.527829 1.646685 7.537403 0.979625 -0.396413 0.593923 0.576323 0.397447
1403638549.627830 1.621768 7.670885 1.009472 -0.398383 0.593129 0.574428 0.399401
1403638549.727829 1.599527 7.805128 1.037805 -0.397202 0.592612 0.574362 0.401434
1403638549.827830 1.577917 7.941336 1.068180 -0.397293 0.594318 0.573916 0.399455
1403638549.927830 1.556869 8.077155 1.107082 -0.395342 0.595133 0.574739 0.398994
1403638550.027829 1.537279 8.217524 1.153522 -0.396003 0.596119 0.574089 0.397802
1403638550.127830 1.518150 8.361405 1.207890 -0.397077 0.597029 0.573583 0.396092
1403638550.227829 1.501533 8.504167 1.270064 -0.396828 0.596866 0.574323 0.395515
1403638550.327830 1.484664 8.650973 1.337911 -0.396172 0.595976 0.575106 0.396375
1403638550.427830 1.470147 8.796648 1.402217 -0.398350 0.595505 0.574212 0.396196
1403638550.527829 1.456701 8.942266 1.460064 -0.400856 0.596771 0.572675 0.393982
1403638550.627830 1.445979 9.087338 1.509056 -0.405511 0.596030 0.569577 0.394830
1403638550.727829 1.438958 9.231354 1.556784 -0.409696 0.594839 0.566666 0.396492
1403638550.827830 1.436182 9.371156 1.594323 -0.413215 0.592561 0.563922 0.400146
1403638550.927830 1.437333 9.509062 1.629754 -0.419481 0.588055 0.559126 0.406947
1403638551.027829 1.439429 9.643294 1.661275 -0.424587 0.584965 0.555316 0.411298
1403638551.127830 1.444221 9.770002 1.690730 -0.427747 0.584093 0.552913 0.412499
1403638551.227829 1.453276 9.887085 1.724570 -0.431439 0.584520 0.550897 0.410743
1403638551.327830 1.468642 9.998063 1.765949 -0.428730 0.588940 0.549975 0.408495
1403638551.427830 1.487729 10.108359 1.805330 -0.422852 0.599446 0.543353 0.408201
1403638551.527829 1.515516 10.213335 1.842618 -0.415620 0.614077 0.530537 0.410731
1403638551.627830 1.548171 10.324325 1.875497 -0.409444 0.630507 0.512518 0.414900
1403638551.727829 1.590414 10.424533 1.903383 -0.401493 0.645684 0.494014 0.421718
1403638551.827830 1.641832 10.524745 1.925388 -0.391805 0.659066 0.476070 0.430672
1403638551.927830 1.700851 10.616110 1.946002 -0.379693 0.665804 0.465179 0.442884
1403638552.027829 1.766035 10.697928 1.972202 -0.368969 0.667566 0.458886 0.455677
1403638552.127830 1.835456 10.773628 2.004887 -0.361197 0.670579 0.455001 0.461340
1403638552.227829 1.907619 10.839192 2.041636 -0.356524 0.675515 0.452907 0.459832
1403638552.327830 1.982660 10.897410 2.080498 -0.354462 0.678173 0.451634 0.458764
1403638552.427830 2.062059 10.952455 2.115687 -0.360229 0.676613 0.446640 0.461457
1403638552.527829 2.144225 10.994112 2.146203 -0.367110 0.673026 0.441898 0.465824
1403638552.627830 2.231809 11.033196 2.171511 -0.370638 0.669502 0.440518 0.469402
1403638552.727829 2.322233 11.061843 2.189596 -0.370490 0.668686 0.442456 0.468859
1403638552.827830 2.415486 11.081224 2.202541 -0.369281 0.667462 0.445589 0.468590
1403638552.927830 2.510799 11.095709 2.209328 -0.365318 0.665993 0.451291 0.468330
1403638553.027829 2.608674 11.102299 2.213089 -0.360510 0.663659 0.457351 0.469489
1403638553.127830 2.706571 11.106243 2.212478 -0.360953 0.660689 0.459763 0.470979
1403638553.227829 2.805258 11.103517 2.210735 -0.369124 0.655552 0.456139 0.475328
1403638553.327830 2.904620 11.094090 2.211616 -0.373960 0.649669 0.454693 0.480976
1403638553.427830 3.003133 11.074356 2.218336 -0.371808 0.644426 0.457558 0.486944
1403638553.527829 3.099672 11.044196 2.230969 -0.368613 0.639943 0.460999 0.492013
1403638553.627830 3.192986 10.999088 2.247553 -0.365679 0.636953 0.463695 0.495537
1403638553.727829 3.283899 10.944203 2.271684 -0.364127 0.636579 0.465707 0.495273
1403638553.827830 3.371388 10.880959 2.302543 -0.361927 0.637936 0.467675 0.493281
1403638553.927830 3.449747 10.806284 2.336707 -0.359753 0.639791 0.468940 0.491265
1403638554.027829 3.533063 10.732936 2.372692 -0.360191 0.644403 0.468733 0.485073
1403638554.127830 3.603873 10.644917 2.398293 -0.357835 0.646198 0.470437 0.482775
1403638554.227829 3.684696 10.566209 2.424792 -0.349580 0.651298 0.476677 0.475797
1403638554.327830 3.751683 10.473367 2.438792 -0.342472 0.655833 0.481976 0.469356
1403638554.427830 3.827673 10.393626 2.456817 -0.338792 0.658269 0.485035 0.465449
1403638554.527829 3.895844 10.311977 2.469597 -0.337201 0.659043 0.486414 0.464067
1403638554.627830 3.960344 10.230052 2.478607 -0.340005 0.660835 0.484971 0.460975
1403638554.727829 4.021741 10.143316 2.489703 -0.345692 0.661691 0.481251 0.459412
1403638554.827830 4.084508 10.062776 2.507877 -0.350202 0.662507 0.478585 0.457602
1403638554.927830 4.147109 9.979763 2.528171 -0.353542 0.662762 0.476025 0.457335
1403638555.027829 4.211208 9.896363 2.544976 -0.353878 0.664514 0.471726 0.458984
1403638555.127830 4.279673 9.818261 2.558721 -0.347645 0.669127 0.466873 0.461997
1403638555.227829 4.347247 9.732023 2.563336 -0.341612 0.675959 0.458570 0.464860
1403638555.327830 4.418307 9.650462 2.568141 -0.335667 0.681221 0.451715 0.468208
1403638555.427830 4.491128 9.566016 2.568732 -0.327937 0.683423 0.448859 0.473198
1403638555.527829 4.562967 9.481133 2.563967 -0.324996 0.685506 0.445259 0.475608
1403638555.627830 4.634704 9.396172 2.560222 -0.322674 0.686543 0.443780 0.477073
1403638555.727829 4.706342 9.310119 2.566161 -0.322953 0.688044 0.442470 0.475939
1403638555.827830 4.776991 9.222630 2.581052 -0.321465 0.688380 0.443633 0.475378
1403638555.927830 4.847020 9.134414 2.599251 -0.320076 0.688070 0.445164 0.475331
1403638556.027829 4.919692 9.052848 2.625189 -0.319142 0.686899 0.446549 0.476353
1403638556.127830 4.988225 8.975468 2.650267 -0.317832 0.688925 0.447636 0.473273
1403638556.227829 5.062091 8.896620 2.669161 -0.315744 0.693503 0.448890 0.466752
1403638556.327830 5.132760 8.821856 2.682807 -0.314736 0.696127 0.449504 0.462920
1403638556.427830 5.207520 8.754407 2.695238 -0.313688 0.698111 0.450227 0.459930
1403638556.527829 5.281889 8.690336 2.705364 -0.310845 0.701684 0.451538 0.455113
1403638556.627830 5.357689 8.638033 2.716575 -0.315024 0.704841 0.447738 0.451098
1403638556.727829 5.436821 8.591516 2.731147 -0.322477 0.704479 0.441637 0.452410
1403638556.827830 5.521544 8.538207 2.754052 -0.328691 0.701643 0.437261 0.456577
1403638556.927830 5.610721 8.495424 2.782932 -0.333323 0.700363 0.433826 0.458456
1403638557.027829 5.706505 8.450412 2.810164 -0.334498 0.699110 0.433218 0.460085
1403638557.127830 5.809031 8.403000 2.830534 -0.332106 0.697338 0.435505 0.462343
1403638557.227829 5.912294 8.352069 2.843996 -0.331094 0.695971 0.436575 0.464116
1403638557.327830 6.020792 8.300722 2.853096 -0.329929 0.695075 0.437812 0.465122
1403638557.427830 6.131011 8.258790 2.858781 -0.326586 0.693094 0.440842 0.467569
1403638557.527829 6.244003 8.211819 2.870815 -0.320840 0.690341 0.445225 0.471450
1403638557.627830 6.354973 8.165306 2.888216 -0.317501 0.688151 0.447718 0.474542
1403638557.727829 6.463304 8.122256 2.910051 -0.316321 0.687505 0.448421 0.475601
1403638557.827830 6.571916 8.078666 2.930510 -0.314332 0.687255 0.449210 0.476536
1403638557.927830 6.678473 8.035668 2.944358 -0.311533 0.687537 0.450911 0.476361
1403638558.027829 6.784679 7.993131 2.951215 -0.309961 0.690204 0.451974 0.472507
1403638558.127830 6.888423 7.953066 2.951942 -0.307980 0.695280 0.452886 0.465433
1403638558.227829 6.996546 7.913323 2.957450 -0.305152 0.701481 0.454222 0.456605
1403638558.327830 7.104182 7.881767 2.968991 -0.301046 0.703177 0.456580 0.454364
1403638558.427830 7.213910 7.856581 2.991662 -0.295007 0.705560 0.460189 0.450979
1403638558.527829 7.323132 7.839790 3.020798 -0.291643 0.708744 0.461738 0.446570
1403638558.627830 7.436381 7.832107 3.057083 -0.296554 0.709979 0.457811 0.445415
1403638558.727829 7.551428 7.833897 3.096264 -0.306989 0.710525 0.449955 0.445481
1403638558.827830 7.667644 7.842877 3.131522 -0.312370 0.710033 0.445661 0.446838
1403638558.927830 7.790156 7.854698 3.158136 -0.313147 0.706906 0.445045 0.451839
1403638559.027829 7.914486 7.871456 3.177626 -0.313723 0.701794 0.444922 0.459464
1403638559.127830 8.039736 7.891876 3.189586 -0.314722 0.698017 0.444659 0.464760
1403638559.227829 8.164287 7.914967 3.194828 -0.313703 0.694742 0.446218 0.468843
1403638559.327830 8.288801 7.939420 3.193480 -0.311891 0.692388 0.448290 0.471550
1403638559.427830 8.410056 7.964767 3.185931 -0.307702 0.689742 0.451963 0.474663
1403638559.527829 8.527098 7.991138 3.174211 -0.306281 0.687856 0.453406 0.476937
1403638559.627830 8.641344 8.018692 3.158203 -0.306518 0.686151 0.453971 0.478699
1403638559.727829 8.752976 8.047529 3.142241 -0.306877 0.685237 0.454536 0.479242
1403638559.827830 8.861246 8.077974 3.131360 -0.308134 0.685798 0.454555 0.477612
1403638559.927830 8.965886 8.110354 3.125236 -0.308323 0.686885 0.451994 0.478359
1403638560.027829 9.073965 8.143160 3.115199 -0.305273 0.692736 0.442569 0.480685
1403638560.127830 9.180001 8.175297 3.098088 -0.297921 0.701759 0.426837 0.486402
1403638560.227829 9.283545 8.207519 3.074842 -0.286253 0.712389 0.407235 0.494693
1403638560.327830 9.384578 8.238935 3.049117 -0.274311 0.721465 0.384319 0.506499
1403638560.427830 9.485923 8.268672 3.022844 -0.262397 0.729569 0.359672 0.519146
1403638560.527829 9.584638 8.297289 2.991141 -0.249777 0.737694 0.334142 0.530819
1403638560.627830 9.678192 8.321618 2.955134 -0.239546 0.747998 0.306171 0.537937
1403638560.727829 9.766323 8.340149 2.918350 -0.232261 0.758189 0.278600 0.541837
1403638560.827830 9.851454 8.351162 2.887787 -0.221792 0.765521 0.255504 0.547270
1403638560.927830 9.936362 8.356121 2.864455 -0.211418 0.771188 0.232824 0.553501
1403638561.027829 10.018670 8.352417 2.849972 -0.198374 0.773596 0.213010 0.562871
1403638561.127830 10.095304 8.339441 2.841766 -0.186619 0.775947 0.193619 0.570607
1403638561.227829 10.170849 8.320136 2.840969 -0.177464 0.776995 0.178080 0.577125
1403638561.327830 10.241101 8.293897 2.846131 -0.171224 0.778517 0.168172 0.579924
1403638561.427830 10.306804 8.259992 2.849086 -0.159312 0.784604 0.168604 0.574968
1403638561.527829 10.368551 8.218999 2.847340 -0.146922 0.789097 0.173634 0.570606
1403638561.627830 10.427476 8.175990 2.838928 -0.140269 0.791855 0.177440 0.567279
1403638561.727829 10.482648 8.131045 2.826152 -0.138878 0.792687 0.179932 0.565672
1403638561.827830 10.534952 8.085983 2.807434 -0.137497 0.792161 0.181924 0.566109
1403638561.927830 10.584740 8.037864 2.784778 -0.133323 0.792111 0.180774 0.567545
1403638562.027829 10.631972 7.989964 2.758093 -0.127823 0.793469 0.173336 0.569230
1403638562.127830 10.675561 7.939099 2.739296 -0.120431 0.795427 0.163550 0.571002
1403638562.227829 10.712996 7.889887 2.724753 -0.113306 0.796727 0.155235 0.572966
1403638562.327830 10.754935 7.841375 2.717405 -0.107387 0.797879 0.145502 0.575054
1403638562.427830 10.790608 7.792587 2.713761 -0.100452 0.799256 0.131648 0.577727
1403638562.527829 10.825202 7.743139 2.716195 -0.091480 0.802176 0.113860 0.578948
1403638562.627830 10.857739 7.692979 2.724683 -0.082788 0.804130 0.091386 0.581523
1403638562.727829 10.886771 7.641074 2.736758 -0.073798 0.806528 0.066457 0.582795
1403638562.827830 10.912057 7.585668 2.747112 -0.062478 0.808121 0.040948 0.584260
1403638562.927830 10.930266 7.527599 2.752209 -0.048639 0.809417 0.016943 0.584971
1403638563.027829 10.946098 7.465142 2.751628 -0.036505 0.809492 -0.005884 0.585966
1403638563.127830 10.961912 7.398252 2.745025 -0.029614 0.809780 -0.029793 0.585228
1403638563.227829 10.965796 7.326818 2.736943 -0.016220 0.807939 -0.045638 0.587273
1403638563.327830 10.966447 7.252196 2.723404 -0.006309 0.803295 -0.056470 0.592864
1403638563.427830 10.960910 7.173460 2.705253 -0.002352 0.794628 -0.064651 0.603640
1403638563.527829 10.947746 7.091299 2.681885 0.001290 0.792411 -0.067296 0.606262
1403638563.627830 10.927070 7.004989 2.662022 0.004960 0.795092 -0.066507 0.602811
1403638563.727829 10.899373 6.913816 2.649155 0.002536 0.797972 -0.067115 0.598941
1403638563.827830 10.866859 6.816924 2.643367 -0.001212 0.799370 -0.067124 0.597076
1403638563.927830 10.828773 6.714704 2.646816 -0.004535 0.798804 -0.065942 0.597949
1403638564.027829 10.785970 6.606471 2.651577 -0.008399 0.798451 -0.063669 0.598625
1403638564.127830 10.735188 6.494200 2.651486 -0.011666 0.798321 -0.060303 0.599092
1403638564.227829 10.679277 6.375711 2.647271 -0.012074 0.797625 -0.054825 0.600536
1403638564.327830 10.621146 6.248434 2.645052 -0.010245 0.796631 -0.048302 0.602446
1403638564.427830 10.552806 6.121361 2.649611 -0.010565 0.794688 -0.044363 0.605303
1403638564.527829 10.479785 5.988990 2.661079 -0.011774 0.794749 -0.042033 0.605366
1403638564.627830 10.395263 5.857142 2.673478 -0.015873 0.796892 -0.042926 0.602386
1403638564.727829 10.307679 5.719554 2.683501 -0.020797 0.798285 -0.046188 0.600147
1403638564.827830 10.211838 5.577327 2.684500 -0.023581 0.798479 -0.049244 0.599541
1403638564.927830 10.114300 5.431247 2.676552 -0.025772 0.797665 -0.051736 0.600325
1403638565.027829 10.008336 5.276080 2.644729 -0.027084 0.797615 -0.052598 0.600258
1403638565.127830 9.900084 5.117157 2.603509 -0.028001 0.798272 -0.053262 0.599284
1403638565.227829 9.790071 4.950842 2.549339 -0.027646 0.799125 -0.052866 0.598197
1403638565.327830 9.675961 4.778351 2.490743 -0.025316 0.800028 -0.052011 0.597168
1403638565.427830 9.558424 4.602417 2.429928 -0.022996 0.800898 -0.050735 0.596204
1403638565.527829 9.437531 4.420507 2.372204 -0.017488 0.798842 -0.049064 0.599281
1403638565.627830 9.313410 4.235241 2.322163 -0.008989 0.797274 -0.045580 0.601827
1403638565.727829 9.185693 4.049796 2.279820 0.003175 0.798385 -0.039246 0.600859
1403638565.827830 9.052058 3.866203 2.244404 0.009439 0.801344 -0.036712 0.597002
1403638565.927830 8.912488 3.685344 2.216338 0.015469 0.803706 -0.034751 0.593809
1403638566.027829 8.770535 3.509240 2.184908 0.016276 0.804863 -0.035764 0.592159
1403638566.127830 8.626242 3.336990 2.147005 0.016737 0.805008 -0.036201 0.591922
1403638566.227829 8.479813 3.166739 2.099120 0.017093 0.804684 -0.036001 0.592364
1403638566.327830 8.334823 3.000008 2.043821 0.016459 0.805709 -0.035940 0.590990
1403638566.427830 8.189420 2.835891 1.981007 0.016033 0.805589 -0.034678 0.591242
1403638566.527829 8.045447 2.675975 1.912055 0.013979 0.805917 -0.034034 0.590884
1403638566.627830 7.902170 2.521126 1.835836 0.012055 0.812532 -0.032920 0.581861
1403638566.727829 7.762039 2.372067 1.753090 0.010923 0.824820 -0.031945 0.564387
1403638566.827830 7.628401 2.224043 1.666845 0.011277 0.834495 -0.028858 0.550144
1403638566.927830 7.500306 2.077847 1.578243 0.010959 0.840674 -0.026268 0.540793
1403638567.027829 7.378658 1.933468 1.488517 0.009781 0.840489 -0.024971 0.541165
1403638567.127830 7.270744 1.796299 1.400438 0.011560 0.827900 -0.022417 0.560308
1403638567.227829 7.167297 1.661645 1.309042 0.013256 0.816599 -0.020801 0.576678
1403638567.327830 7.062173 1.528758 1.210822 0.016443 0.810949 -0.019538 0.584560
1403638567.427830 6.957438 1.400763 1.112899 0.018710 0.810479 -0.019830 0.585133
1403638567.527829 6.851272 1.275137 1.019656 0.020341 0.813015 -0.020967 0.581509
1403638567.627830 6.743807 1.153054 0.935348 0.022416 0.816868 -0.022070 0.575966
1403638567.727829 6.639990 1.036400 0.861137 0.025005 0.820046 -0.022710 0.571300
1403638567.827830 6.540712 0.924755 0.796480 0.026910 0.824069 -0.023100 0.565379
1403638567.927830 6.449135 0.818396 0.739549 0.024557 0.825617 -0.025680 0.563112
1403638568.027829 6.362295 0.717659 0.689795 0.025764 0.826292 -0.025789 0.562061
1403638568.127830 6.279826 0.620450 0.650265 0.028523 0.825449 -0.024287 0.563232
1403638568.227829 6.203032 0.530527 0.620110 0.030643 0.824774 -0.023218 0.564154
1403638568.327830 6.129976 0.444559 0.593845 0.031442 0.824948 -0.023203 0.563857
1403638568.427830 6.058789 0.364717 0.561963 0.031600 0.826206 -0.023652 0.561984
1403638568.527829 5.993386 0.286578 0.528002 0.032263 0.827003 -0.023115 0.560795
1403638568.627830 5.930804 0.214418 0.487888 0.032901 0.828638 -0.022754 0.558354
1403638568.727829 5.873130 0.145514 0.450046 0.034465 0.830018 -0.021076 0.556271
1403638568.827830 5.818974 0.082690 0.418364 0.032432 0.829982 -0.022083 0.556408
1403638568.927830 5.769756 0.025517 0.392201 0.033482 0.829940 -0.021444 0.556433
1403638569.027829 5.726952 -0.025011 0.374865 0.033522 0.829071 -0.021479 0.557724
1403638569.127830 5.687249 -0.072300 0.366852 0.035092 0.829209 -0.020288 0.557467
1403638569.227829 5.648027 -0.117802 0.362713 0.036997 0.830728 -0.019346 0.555110
1403638569.327830 5.616649 -0.154489 0.353888 0.038145 0.831441 -0.019161 0.553970
1403638569.427830 5.588257 -0.188825 0.342639 0.039025 0.830480 -0.018588 0.555369
1403638569.527829 5.566929 -0.216078 0.323839 0.039094 0.829263 -0.018299 0.557189
1403638569.627830 5.550438 -0.237645 0.306330 0.038642 0.827873 -0.018909 0.559264
1403638569.727829 5.538936 -0.253196 0.296079 0.039442 0.826981 -0.018578 0.560537
1403638569.827830 5.530358 -0.261619 0.292765 0.039419 0.826359 -0.018132 0.561470
1403638569.927830 5.526077 -0.265336 0.294675 0.040515 0.824550 -0.017463 0.564067
1403638570.027829 5.525531 -0.263044 0.297536 0.038329 0.823385 -0.018682 0.565879
1403638570.127830 5.527231 -0.255685 0.295814 0.034793 0.823554 -0.021011 0.565780
1403638570.227829 5.530258 -0.245557 0.287921 0.028705 0.823128 -0.024367 0.566606
1403638570.327830 5.534620 -0.233965 0.274281 0.019897 0.822868 -0.030693 0.567054
1403638570.427830 5.540431 -0.222024 0.256255 0.016238 0.822594 -0.040839 0.566928
1403638570.527829 5.549614 -0.212727 0.231706 0.009967 0.821457 -0.062769 0.566717
1403638570.627830 5.553668 -0.209857 0.202212 0.005845 0.817853 -0.091900 0.568011
1403638570.727829 5.559083 -0.216796 0.169528 0.011341 0.810027 -0.119432 0.573989
1403638570.827830 5.559694 -0.233264 0.135328 0.020798 0.797609 -0.146477 0.584749
1403638570.927830 5.553695 -0.260142 0.098147 0.034926 0.787857 -0.169300 0.591100
1403638571.027829 5.540572 -0.298552 0.057141 0.050046 0.781152 -0.190408 0.592487
1403638571.127830 5.519235 -0.346665 0.013024 0.070189 0.782322 -0.206346 0.583495
1403638571.227829 5.489429 -0.402540 -0.024362 0.091605 0.784764 -0.215000 0.574046
1403638571.327830 5.453881 -0.464084 -0.051721 0.109834 0.785217 -0.219740 0.568406
1403638571.427830 5.411994 -0.528246 -0.068803 0.117644 0.783071 -0.225733 0.567454
1403638571.527829 5.364423 -0.595718 -0.078359 0.123567 0.780005 -0.229043 0.569089
1403638571.627830 5.311749 -0.665776 -0.089389 0.130143 0.778680 -0.235896 0.566634
1403638571.727829 5.255902 -0.738904 -0.105404 0.137053 0.778598 -0.247516 0.560122
1403638571.827830 5.197829 -0.814857 -0.128092 0.145306 0.777149 -0.262852 0.553022
1403638571.927830 5.135403 -0.894470 -0.148171 0.152527 0.772342 -0.282059 0.548331
1403638572.027829 5.071343 -0.978196 -0.163152 0.161338 0.765837 -0.301535 0.544556
1403638572.127830 5.004125 -1.065962 -0.169759 0.172297 0.758442 -0.319509 0.541288
1403638572.227829 4.932357 -1.156358 -0.168217 0.188871 0.752879 -0.334314 0.534541
1403638572.327830 4.859265 -1.249378 -0.165463 0.202149 0.748564 -0.352122 0.524212
1403638572.427830 4.786084 -1.346695 -0.166610 0.215737 0.743736 -0.368831 0.514080
1403638572.527829 4.713385 -1.447000 -0.169703 0.228350 0.740247 -0.379399 0.505912
1403638572.627830 4.642549 -1.550998 -0.173248 0.236837 0.737007 -0.385952 0.501766
1403638572.727829 4.573481 -1.658782 -0.172262 0.243904 0.736688 -0.388505 0.496855
1403638572.827830 4.507733 -1.770344 -0.162617 0.249663 0.738825 -0.387635 0.491472
1403638572.927830 4.446650 -1.885253 -0.145705 0.251004 0.740711 -0.387051 0.488401
1403638573.027829 4.389794 -2.002979 -0.129003 0.251358 0.743173 -0.385900 0.485380
1403638573.127830 4.337502 -2.123820 -0.118312 0.250067 0.745391 -0.384303 0.483911
1403638573.227829 4.289460 -2.246717 -0.112005 0.248515 0.746317 -0.382547 0.484675
1403638573.327830 4.247444 -2.371968 -0.105302 0.247031 0.747367 -0.380491 0.485432
1403638573.427830 4.210427 -2.498811 -0.096674 0.248105 0.748445 -0.380960 0.482849
1403638573.527829 4.180585 -2.629254 -0.081324 0.251129 0.748261 -0.381049 0.481499
1403638573.627830 4.147418 -2.766647 -0.061673 0.252250 0.747868 -0.381326 0.481304
1403638573.727829 4.124057 -2.901563 -0.033849 0.256607 0.747201 -0.383244 0.478507
1403638573.827830 4.107822 -3.038939 -0.003218 0.267477 0.740070 -0.387346 0.480328
1403638573.927830 4.097085 -3.177120 0.023004 0.281696 0.727587 -0.396087 0.484128
1403638574.027829 4.090657 -3.312521 0.042820 0.289505 0.709308 -0.414375 0.491287
1403638574.127830 4.084988 -3.444160 0.056983 0.295230 0.687777 -0.437386 0.498493
1403638574.227829 4.077279 -3.572170 0.066199 0.302590 0.666666 -0.461115 0.501367
1403638574.327830 4.065487 -3.697099 0.071157 0.313393 0.651006 -0.482448 0.495197
1403638574.427830 4.045131 -3.818913 0.072867 0.327257 0.639169 -0.500822 0.483263
1403638574.527829 4.023757 -3.937563 0.072837 0.339049 0.627939 -0.517944 0.471670
1403638574.627830 3.997749 -4.053567 0.079023 0.349787 0.618377 -0.528583 0.464605
1403638574.727829 3.969023 -4.168149 0.091966 0.362050 0.615435 -0.532758 0.454234
1403638574.827830 3.939392 -4.279593 0.111044 0.368698 0.617544 -0.535564 0.442574
1403638574.927830 3.907459 -4.388313 0.129521 0.367347 0.619814 -0.540209 0.434810
1403638575.027829 3.877384 -4.497486 0.139783 0.363415 0.620666 -0.543919 0.432268
1403638575.127830 3.845123 -4.604470 0.144762 0.356024 0.618180 -0.548566 0.436092
1403638575.227829 3.810572 -4.711450 0.146238 0.351633 0.616092 -0.550352 0.440339
1403638575.327830 3.772958 -4.820807 0.141794 0.347995 0.616764 -0.550819 0.441701
1403638575.427830 3.732624 -4.931308 0.133965 0.344523 0.621917 -0.550444 0.437646
1403638575.527829 3.689248 -5.044568 0.123512 0.343045 0.626672 -0.548253 0.434766
1403638575.627830 3.644834 -5.158962 0.116698 0.345348 0.633352 -0.543782 0.428837
1403638575.727829 3.598558 -5.281219 0.118176 0.347666 0.639640 -0.539188 0.423397
1403638575.827830 3.553516 -5.407423 0.127359 0.348416 0.645540 -0.536604 0.417063
1403638575.927830 3.512101 -5.537950 0.148544 0.347462 0.647415 -0.535474 0.416403
1403638576.027829 3.474696 -5.672475 0.179050 0.347620 0.647829 -0.534198 0.417265
1403638576.127830 3.439182 -5.811319 0.215862 0.348370 0.647597 -0.533482 0.417917
1403638576.227829 3.407496 -5.954782 0.253634 0.350785 0.646720 -0.531807 0.419386
1403638576.327830 3.378616 -6.105568 0.285012 0.355508 0.647797 -0.528657 0.417726
1403638576.427830 3.353016 -6.263246 0.309833 0.358807 0.649944 -0.526548 0.414219
1403638576.527829 3.334967 -6.417577 0.329035 0.364241 0.653702 -0.522881 0.408164
1403638576.627830 3.322654 -6.581346 0.343814 0.367789 0.656515 -0.520570 0.403393
1403638576.727829 3.320754 -6.743724 0.353675 0.371045 0.655804 -0.518125 0.404714
1403638576.827830 3.327033 -6.907709 0.358970 0.375943 0.651739 -0.514698 0.411082
1403638576.927830 3.340377 -7.067056 0.360309 0.376148 0.646083 -0.514948 0.419425
1403638577.027829 3.360080 -7.227082 0.355682 0.372074 0.641328 -0.517920 0.426637
1403638577.127830 3.383148 -7.388065 0.357512 0.368839 0.637654 -0.520575 0.431691
1403638577.227829 3.409509 -7.545211 0.366445 0.366591 0.636040 -0.522373 0.433810
1403638577.327830 3.438815 -7.700881 0.382807 0.370461 0.638422 -0.519535 0.430419
1403638577.427830 3.471029 -7.855087 0.407002 0.376578 0.643079 -0.514604 0.424053
1403638577.527829 3.508833 -8.007585 0.432906 0.376988 0.643718 -0.514043 0.423399
1403638577.627830 3.552068 -8.157758 0.453434 0.374169 0.642862 -0.515976 0.424847
1403638577.727829 3.598734 -8.303960 0.466748 0.371849 0.642629 -0.517423 0.425476
1403638577.827830 3.649780 -8.451093 0.473197 0.369458 0.642377 -0.518600 0.426505
1403638577.927830 3.704234 -8.596214 0.474498 0.369402 0.642614 -0.517861 0.427095
1403638578.027829 3.761717 -8.737404 0.477518 0.370324 0.642821 -0.516412 0.427738
1403638578.127830 3.824372 -8.881753 0.488998 0.367745 0.641344 -0.517174 0.431244
1403638578.227829 3.890452 -9.026668 0.506563 0.359727 0.636265 -0.522272 0.439313
1403638578.327830 3.956431 -9.170137 0.524739 0.353779 0.632846 -0.526254 0.444301
1403638578.427830 4.019639 -9.307064 0.539889 0.353686 0.632202 -0.526716 0.444744
1403638578.527829 4.081913 -9.449296 0.549053 0.353680 0.631667 -0.527261 0.444862
1403638578.627830 4.141373 -9.586741 0.553748 0.354872 0.630790 -0.527135 0.445307
1403638578.727829 4.199722 -9.725845 0.555572 0.358778 0.632359 -0.524784 0.442721
1403638578.827830 4.253924 -9.851242 0.552795 0.364068 0.635984 -0.521133 0.437493
1403638578.927830 4.310588 -9.981397 0.547840 0.368248 0.637192 -0.518288 0.435612
1403638579.027829 4.368653 -10.107537 0.546742 0.370062 0.638298 -0.516174 0.434965
1403638579.127830 4.428132 -10.227636 0.553795 0.370485 0.638546 -0.515134 0.435473
1403638579.227829 4.493101 -10.354589 0.569745 0.370289 0.638502 -0.514870 0.436017
1403638579.327830 4.559457 -10.472542 0.589042 0.367192 0.636884 -0.516517 0.439043
1403638579.427830 4.627477 -10.591029 0.608352 0.359602 0.632276 -0.521766 0.445728
1403638579.527829 4.693641 -10.699298 0.621907 0.354772 0.629035 -0.524059 0.451459
1403638579.627830 4.757778 -10.803618 0.630879 0.356795 0.626647 -0.515953 0.462389
1403638579.727829 4.821430 -10.910204 0.633576 0.358033 0.632394 -0.499809 0.471254
1403638579.827830 4.882053 -11.008852 0.630083 0.351511 0.647781 -0.479773 0.476066
1403638579.927830 4.942989 -11.105127 0.620247 0.337058 0.668618 -0.456680 0.480401
1403638580.027829 5.005968 -11.200018 0.607534 0.320699 0.686205 -0.426895 0.493999
1403638580.127830 5.070813 -11.287342 0.593539 0.304020 0.699276 -0.390554 0.515802
1403638580.227829 5.131580 -11.363996 0.574246 0.280526 0.715160 -0.353853 0.533516
1403638580.327830 5.191450 -11.432134 0.549677 0.251690 0.732713 -0.322429 0.543896
1403638580.427830 5.242025 -11.492204 0.518303 0.221417 0.746470 -0.301911 0.550097
1403638580.527829 5.290575 -11.549862 0.485864 0.200271 0.755086 -0.287631 0.554080
1403638580.627830 5.331409 -11.604030 0.449535 0.184077 0.763377 -0.273832 0.555326
1403638580.727829 5.369116 -11.656272 0.417928 0.170407 0.774312 -0.258124 0.552064
1403638580.827830 5.403846 -11.708401 0.396830 0.163291 0.782428 -0.245251 0.548629
1403638580.927830 5.436913 -11.759487 0.384956 0.159250 0.786695 -0.237160 0.547271
1403638581.027829 5.468421 -11.809603 0.380825 0.154926 0.787844 -0.235151 0.547726
1403638581.127830 5.502647 -11.859684 0.388591 0.156059 0.788318 -0.233447 0.547452
1403638581.227829 5.537258 -11.907191 0.402641 0.158931 0.788445 -0.233103 0.546588
1403638581.327830 5.567046 -11.953154 0.413219 0.162805 0.788062 -0.233727 0.545733
1403638581.427830 5.597424 -11.997835 0.423883 0.166167 0.786190 -0.234753 0.546978
1403638581.527829 5.627349 -12.034792 0.445855 0.168900 0.784908 -0.237199 0.546927
1403638581.627830 5.658519 -12.066552 0.475743 0.173102 0.782471 -0.238534 0.548522
1403638581.727829 5.686353 -12.096797 0.495225 0.177774 0.777812 -0.238391 0.553692
1403638581.827830 5.713973 -12.117921 0.517934 0.179725 0.776050 -0.239952 0.554859
1403638581.927830 5.739860 -12.130858 0.537309 0.183264 0.769261 -0.239692 0.563205
1403638582.027829 5.760947 -12.146062 0.542216 0.185540 0.765779 -0.238892 0.567528
1403638582.127830 5.783246 -12.159455 0.552378 0.183473 0.772094 -0.241304 0.558553
1403638582.227829 5.804639 -12.173044 0.569423 0.180566 0.778135 -0.243692 0.550014
1403638582.327830 5.827363 -12.186625 0.597774 0.182650 0.776657 -0.241869 0.552215
1403638582.427830 5.854790 -12.202066 0.635216 0.184230 0.774209 -0.240370 0.555772
1403638582.527829 5.879912 -12.209378 0.684210 0.185311 0.773087 -0.239381 0.557398
1403638582.627830 5.905449 -12.217013 0.739041 0.185850 0.772963 -0.238839 0.557623
1403638582.727829 5.928735 -12.215227 0.806733 0.185012 0.775529 -0.239813 0.553909
1403638582.827830 5.953381 -12.215515 0.874404 0.184411 0.776871 -0.240720 0.551831
1403638582.927830 5.974754 -12.206186 0.944768 0.184135 0.778125 -0.241893 0.549639
1403638583.027829 5.995227 -12.193878 1.006284 0.183209 0.780838 -0.243516 0.545368
1403638583.127830 6.015398 -12.179091 1.059597 0.182671 0.782881 -0.244696 0.542081
1403638583.227829 6.037115 -12.162719 1.105889 0.181735 0.783890 -0.246152 0.540276
1403638583.327830 6.061154 -12.147038 1.138506 0.182157 0.783761 -0.245914 0.540430
1403638583.427830 6.084591 -12.126538 1.173967 0.181840 0.784074 -0.246156 0.539972
1403638583.527829 6.110302 -12.105088 1.212366 0.181530 0.784646 -0.246226 0.539212
1403638583.627830 6.137771 -12.081205 1.259621 0.182345 0.784546 -0.245653 0.539345
1403638583.727829 6.166188 -12.053382 1.311408 0.183615 0.784435 -0.244885 0.539424
1403638583.827830 6.201947 -12.025745 1.341956 0.184239 0.784261 -0.244288 0.539736
1403638583.927830 6.236346 -11.996527 1.380447 0.183999 0.783441 -0.244292 0.541005
1403638584.027829 6.269563 -11.964649 1.413047 0.185081 0.782756 -0.243496 0.541985
1403638584.127830 6.309066 -11.931023 1.429620 0.189548 0.775841 -0.240079 0.551819
1403638584.227829 6.345177 -11.894545 1.452828 0.193930 0.766198 -0.236302 0.565237
1403638584.327830 6.377257 -11.850450 1.452471 0.195413 0.760343 -0.234885 0.573168
1403638584.427830 6.394796 -11.794154 1.437314 0.195255 0.759378 -0.234730 0.574563
1403638584.527829 6.404258 -11.731589 1.418841 0.194627 0.758889 -0.234893 0.575354
1403638584.627830 6.416123 -11.669040 1.422238 0.194233 0.760105 -0.234674 0.573970
1403638584.727829 6.427213 -11.598778 1.437679 0.192049 0.763762 -0.235856 0.569348
1403638584.827830 6.424489 -11.520396 1.430753 0.187361 0.771814 -0.239019 0.558631
1403638584.927830 6.428957 -11.441295 1.451735 0.182197 0.777863 -0.243187 0.550086
1403638585.027829 6.419354 -11.357579 1.441966 0.180412 0.780556 -0.244452 0.546286
1403638585.127830 6.406064 -11.281144 1.426213 0.178941 0.780740 -0.245492 0.546039
1403638585.227829 6.407696 -11.200367 1.427023 0.178900 0.779630 -0.245690 0.547547
1403638585.327830 6.403133 -11.124683 1.419242 0.179910 0.777282 -0.244552 0.551054
1403638585.427830 6.404748 -11.043998 1.411894 0.179667 0.776724 -0.244352 0.552007
1403638585.527829 6.400579 -10.967024 1.402692 0.179754 0.777704 -0.244151 0.550687
1403638585.627830 6.406558 -10.884876 1.406577 0.178928 0.779775 -0.244320 0.547945
1403638585.727829 6.411273 -10.802303 1.416725 0.177558 0.783810 -0.245180 0.542219
1403638585.827830 6.404796 -10.725537 1.433165 0.174442 0.788417 -0.247121 0.535630
1403638585.927830 6.402409 -10.648643 1.459678 0.171132 0.790722 -0.249600 0.532139
1403638586.027829 6.405793 -10.571515 1.494896 0.171241 0.787948 -0.249930 0.536050
1403638586.127830 6.422616 -10.495835 1.524949 0.173656 0.784217 -0.249661 0.540847
1403638586.227829 6.427878 -10.415792 1.549547 0.175510 0.781771 -0.248611 0.544264
1403638586.327830 6.444350 -10.340868 1.567246 0.178931 0.778586 -0.246827 0.548511
1403638586.427830 6.447186 -10.264237 1.581082 0.186620 0.775925 -0.241871 0.551916
1403638586.527829 6.460214 -10.182977 1.590323 0.193322 0.774897 -0.237738 0.552848
1403638586.627830 6.460305 -10.094503 1.591245 0.190747 0.775340 -0.239543 0.552343
1403638586.727829 6.472662 -10.010581 1.586982 0.187273 0.775321 -0.242134 0.552429
1403638586.827830 6.484131 -9.924786 1.576644 0.184196 0.774482 -0.244117 0.553766
1403638586.927830 6.486492 -9.835966 1.560008 0.184096 0.773824 -0.243609 0.554941
1403638587.027829 6.494714 -9.748615 1.539055 0.183264 0.773656 -0.243887 0.555328
1403638587.127830 6.495582 -9.656418 1.519962 0.182447 0.773788 -0.244446 0.555168
1403638587.227829 6.500518 -9.564772 1.509002 0.182173 0.776062 -0.243916 0.552310
1403638587.327830 6.500611 -9.472213 1.506878 0.181750 0.777612 -0.244440 0.550033
1403638587.427830 6.504731 -9.377711 1.508297 0.180307 0.778233 -0.245407 0.549198
1403638587.527829 6.505227 -9.280635 1.509886 0.179018 0.777937 -0.246426 0.549582
1403638587.627830 6.509884 -9.184613 1.506646 0.178063 0.777877 -0.247685 0.549411
1403638587.727829 6.511758 -9.087679 1.496972 0.178359 0.777701 -0.247658 0.549577
1403638587.827830 6.516723 -8.992912 1.483679 0.177651 0.777225 -0.248871 0.549931
1403638587.927830 6.521557 -8.899381 1.463667 0.177316 0.776851 -0.249350 0.550351
1403638588.027829 6.524241 -8.806135 1.441836 0.177154 0.776183 -0.249394 0.551324
1403638588.127830 6.528054 -8.715392 1.415103 0.180403 0.776544 -0.247133 0.550780
1403638588.227829 6.529098 -8.625161 1.387714 0.186711 0.777479 -0.242474 0.549429
1403638588.327830 6.532750 -8.533851 1.362001 0.187378 0.778123 -0.241551 0.548696
1403638588.427830 6.535025 -8.434104 1.348083 0.187235 0.777991 -0.241456 0.548973
1403638588.527829 6.539500 -8.335611 1.339289 0.185037 0.777732 -0.242901 0.549449
1403638588.627830 6.542813 -8.232313 1.339857 0.182781 0.777071 -0.244111 0.550601
1403638588.727829 6.543414 -8.128145 1.346345 0.180098 0.775364 -0.246066 0.553016
1403638588.827830 6.542857 -8.022617 1.355863 0.179306 0.774701 -0.246832 0.553860
1403638588.927830 6.546453 -7.919949 1.358150 0.178036 0.774485 -0.248351 0.553894
1403638589.027829 6.544601 -7.816541 1.353178 0.177931 0.774461 -0.249059 0.553643
1403638589.127830 6.540845 -7.709635 1.340281 0.179408 0.774584 -0.248587 0.553206
1403638589.227829 6.546760 -7.608210 1.326211 0.179623 0.774338 -0.248635 0.553459
1403638589.327830 6.549555 -7.507875 1.306268 0.179816 0.773707 -0.248756 0.554223
1403638589.427830 6.545834 -7.400807 1.288871 0.179225 0.773762 -0.249009 0.554225
1403638589.527829 6.543331 -7.296185 1.277106 0.179021 0.774146 -0.249020 0.553750
1403638589.627830 6.535193 -7.189043 1.272522 0.179420 0.773960 -0.248784 0.553987
1403638589.727829 6.532029 -7.086929 1.280101 0.178742 0.775743 -0.249565 0.551354
1403638589.827830 6.522922 -6.981236 1.288094 0.178369 0.776554 -0.250514 0.549901
1403638589.927830 6.517249 -6.880895 1.296299 0.179543 0.777061 -0.250499 0.548808
1403638590.027829 6.507629 -6.776276 1.293887 0.178576 0.776601 -0.251943 0.549114
1403638590.127830 6.500694 -6.673011 1.291166 0.179251 0.776077 -0.252213 0.549511
1403638590.227829 6.491264 -6.568593 1.279286 0.179669 0.775219 -0.252504 0.550452
1403638590.327830 6.481351 -6.469873 1.267427 0.179593 0.774924 -0.252658 0.550820
1403638590.427830 6.469621 -6.371944 1.248451 0.179932 0.775955 -0.252872 0.549158
1403638590.527829 6.457988 -6.271828 1.230014 0.178742 0.776002 -0.253666 0.549113
1403638590.627830 6.446338 -6.173842 1.214802 0.177813 0.778057 -0.254148 0.546277
1403638590.727829 6.433661 -6.082972 1.209843 0.175490 0.779093 -0.255501 0.544919
1403638590.827830 6.424239 -5.987879 1.211758 0.175617 0.780163 -0.255277 0.543449
1403638590.927830 6.413608 -5.894583 1.220774 0.174641 0.780692 -0.255962 0.542682
1403638591.027829 6.403995 -5.802919 1.235596 0.173456 0.781459 -0.257160 0.541391
1403638591.127830 6.391334 -5.710852 1.247760 0.172668 0.784083 -0.257864 0.537499
1403638591.227829 6.382453 -5.620601 1.254355 0.170976 0.789025 -0.259587 0.529925
1403638591.327830 6.374703 -5.533058 1.253326 0.167500 0.794656 -0.262235 0.521247
1403638591.427830 6.372961 -5.452961 1.248731 0.164912 0.797829 -0.264427 0.516092
1403638591.527829 6.378561 -5.379848 1.238198 0.161884 0.800379 -0.266782 0.511874
1403638591.627830 6.390099 -5.313755 1.221900 0.159736 0.802418 -0.268233 0.508587
1403638591.727829 6.409591 -5.255354 1.204614 0.159520 0.801273 -0.268942 0.510083
1403638591.827830 6.436242 -5.207612 1.188840 0.160974 0.798880 -0.267761 0.513987
1403638591.927830 6.468585 -5.173646 1.177371 0.162160 0.796252 -0.266354 0.518404
1403638592.027829 6.506174 -5.142568 1.175587 0.162701 0.793613 -0.265740 0.522579
1403638592.127830 6.549990 -5.123920 1.182578 0.162698 0.792107 -0.264337 0.525567
1403638592.227829 6.596261 -5.110163 1.199957 0.158725 0.787490 -0.260891 0.535352
1403638592.327830 6.645067 -5.105739 1.228453 0.151668 0.782861 -0.254074 0.547332
1403638592.427830 6.692899 -5.104539 1.264295 0.140573 0.782571 -0.242301 0.555978
1403638592.527829 6.736436 -5.104170 1.305916 0.130037 0.787915 -0.227742 0.557148
1403638592.627830 6.776202 -5.104061 1.352481 0.123210 0.795417 -0.214592 0.553246
1403638592.727829 6.815295 -5.106078 1.401951 0.117451 0.802703 -0.205181 0.547517
1403638592.827830 6.855105 -5.111234 1.446921 0.112217 0.809108 -0.199721 0.541169
1403638592.927830 6.896101 -5.119300 1.486989 0.110325 0.812633 -0.195414 0.537837
1403638593.027829 6.939763 -5.131500 1.522168 0.109335 0.814073 -0.192847 0.536788
1403638593.127830 6.987785 -5.148419 1.552768 0.108913 0.814139 -0.191780 0.537156
1403638593.227829 7.040286 -5.169638 1.589008 0.111923 0.810724 -0.189783 0.542385
1403638593.327830 7.096086 -5.193141 1.632888 0.120138 0.808121 -0.185044 0.546137
1403638593.427830 7.152707 -5.217273 1.678912 0.130358 0.803532 -0.179472 0.552388
1403638593.527829 7.209415 -5.240146 1.718776 0.135761 0.799795 -0.177547 0.557113
1403638593.627830 7.267655 -5.261266 1.749660 0.138788 0.797865 -0.177270 0.559217
1403638593.727829 7.323956 -5.275243 1.778992 0.140802 0.795916 -0.176993 0.561574
1403638593.827830 7.381683 -5.288173 1.800725 0.139824 0.789598 -0.177950 0.570367
1403638593.927830 7.436120 -5.293557 1.830020 0.134328 0.780364 -0.175719 0.584902
1403638594.027829 7.483949 -5.296132 1.860559 0.126461 0.782823 -0.172916 0.584205
1403638594.127830 7.525016 -5.295970 1.896236 0.120899 0.788784 -0.169975 0.578197
1403638594.227829 7.561319 -5.294048 1.933141 0.120733 0.793636 -0.165015 0.573006
1403638594.327830 7.595044 -5.290675 1.964888 0.121000 0.793914 -0.160729 0.573782
1403638594.427830 7.623318 -5.283548 2.001672 0.125442 0.792522 -0.154361 0.576495
1403638594.527829 7.649331 -5.272195 2.038036 0.123970 0.792209 -0.153139 0.577567
1403638594.627830 7.666319 -5.255908 2.086581 0.118191 0.792708 -0.155568 0.577446
1403638594.727829 7.684156 -5.238426 2.130902 0.114430 0.793227 -0.158542 0.576681
1403638594.827830 7.692638 -5.218691 2.174153 0.112920 0.793519 -0.160231 0.576109
1403638594.927830 7.704568 -5.198622 2.205955 0.112811 0.794369 -0.161275 0.574667
1403638595.027829 7.714196 -5.177265 2.232023 0.112133 0.795887 -0.162923 0.572229
1403638595.127830 7.716898 -5.152589 2.255759 0.112068 0.796774 -0.164114 0.570665
1403638595.227829 7.723161 -5.131008 2.268752 0.112869 0.797238 -0.164474 0.569755
1403638595.327830 7.728526 -5.108364 2.277030 0.113318 0.797327 -0.164729 0.569467
1403638595.427830 7.731915 -5.085258 2.280123 0.112978 0.797160 -0.165598 0.569517
1403638595.527829 7.733211 -5.061918 2.278666 0.113020 0.797742 -0.165618 0.568687
1403638595.627830 7.734069 -5.038170 2.278427 0.113628 0.798356 -0.164933 0.567902
1403638595.727829 7.733129 -5.013410 2.283891 0.117859 0.798889 -0.161952 0.567149
1403638595.827830 7.726077 -4.983510 2.295952 0.120745 0.799662 -0.160421 0.565886
1403638595.927830 7.723157 -4.957487 2.293071 0.121957 0.799414 -0.159863 0.566134
1403638596.027829 7.720332 -4.929078 2.277722 0.125974 0.799196 -0.157213 0.566304
1403638596.127830 7.718056 -4.897326 2.256012 0.136238 0.800354 -0.150367 0.564147
1403638596.227829 7.716817 -4.858858 2.238063 0.148107 0.802375 -0.141725 0.560511
1403638596.327830 7.715432 -4.810204 2.231446 0.159067 0.803514 -0.133618 0.557862
1403638596.427830 7.716653 -4.754337 2.230049 0.165743 0.803459 -0.128083 0.557295
1403638596.527829 7.721286 -4.686417 2.240667 0.172321 0.803287 -0.122436 0.556817
1403638596.627830 7.730704 -4.605754 2.256462 0.179528 0.803782 -0.116623 0.555071
1403638596.727829 7.745739 -4.508902 2.279836 0.185791 0.804416 -0.111744 0.553091
1403638596.827830 7.767586 -4.397477 2.314227 0.189856 0.804116 -0.108253 0.552841
1403638596.927830 7.790938 -4.266759 2.349891 0.192199 0.803095 -0.106306 0.553892
1403638597.027829 7.820476 -4.122420 2.386730 0.193867 0.802133 -0.106274 0.554710
1403638597.127830 7.853801 -3.964416 2.417302 0.196469 0.800591 -0.105189 0.556228
1403638597.227829 7.889946 -3.788496 2.440339 0.196882 0.798456 -0.106423 0.558909
1403638597.327830 7.927010 -3.598133 2.456751 0.193174 0.796363 -0.110108 0.562464
1403638597.427830 7.967711 -3.392162 2.468032 0.187042 0.794293 -0.115854 0.566297
1403638597.527829 8.009119 -3.172086 2.476190 0.175073 0.789819 -0.124897 0.574401
1403638597.627830 8.048150 -2.942094 2.478561 0.165856 0.786438 -0.132293 0.580091
1403638597.727829 8.084444 -2.704034 2.476145 0.165452 0.785595 -0.132958 0.581195
1403638597.827830 8.118275 -2.458807 2.469090 0.170656 0.788190 -0.123209 0.578319
1403638597.927830 8.149116 -2.204439 2.457141 0.174719 0.790846 -0.111890 0.575775
1403638598.027829 8.178961 -1.939866 2.445808 0.172395 0.791827 -0.105369 0.576358
1403638598.127830 8.209187 -1.663348 2.441393 0.156876 0.792331 -0.109317 0.579354
1403638598.227829 8.236234 -1.377446 2.442325 0.136038 0.793327 -0.118952 0.581357
1403638598.327830 8.261095 -1.088539 2.445163 0.121626 0.795866 -0.126263 0.579536
1403638598.427830 8.285581 -0.800677 2.442937 0.114479 0.797883 -0.129785 0.577437
1403638598.527829 8.307589 -0.514336 2.434560 0.110609 0.799551 -0.129610 0.575921
1403638598.627830 8.327179 -0.230196 2.417196 0.105841 0.802813 -0.124540 0.573392
1403638598.727829 8.346312 0.051737 2.398279 0.099684 0.804673 -0.114245 0.574032
1403638598.827830 8.363751 0.331251 2.383555 0.090793 0.805858 -0.101530 0.576230
1403638598.927830 8.378710 0.607296 2.374020 0.081462 0.808433 -0.085929 0.576555
1403638599.027829 8.391494 0.880573 2.367478 0.068766 0.810295 -0.070202 0.577723
1403638599.127830 8.403518 1.152338 2.367830 0.057886 0.811556 -0.051973 0.579073
1403638599.227829 8.411217 1.421317 2.372295 0.046315 0.813162 -0.033395 0.579230
1403638599.327830 8.417183 1.689454 2.382960 0.033082 0.815253 -0.015294 0.577957
1403638599.427830 8.419792 1.955461 2.400349 0.023728 0.818150 0.001167 0.574513
1403638599.527829 8.420820 2.221086 2.420046 0.016773 0.820340 0.012308 0.571497
1403638599.627830 8.419449 2.485450 2.433691 0.010876 0.821974 0.017667 0.569147
1403638599.727829 8.417892 2.749730 2.438270 0.008746 0.823152 0.020878 0.567369
1403638599.827830 8.419731 3.012035 2.435112 0.007696 0.823770 0.020032 0.566517
1403638599.927830 8.423662 3.271867 2.427218 0.004911 0.824977 0.016259 0.564912
1403638600.027829 8.430635 3.530946 2.413978 -0.000015 0.824324 0.009686 0.566035
1403638600.127830 8.441492 3.784044 2.397658 -0.008299 0.826381 0.000246 0.563049
1403638600.227829 8.454960 4.034361 2.377206 -0.020112 0.829133 -0.011490 0.558571
1403638600.327830 8.470677 4.274569 2.353068 -0.028899 0.830793 -0.021122 0.555430
1403638600.427830 8.491202 4.502949 2.332147 -0.036712 0.831998 -0.029478 0.552777
1403638600.527829 8.516192 4.716553 2.320681 -0.037889 0.832706 -0.032321 0.551470
1403638600.627830 8.546009 4.916098 2.319567 -0.037455 0.834041 -0.033716 0.549396
1403638600.727829 8.580034 5.100048 2.325598 -0.038031 0.836208 -0.034918 0.545976
1403638600.827830 8.620188 5.269465 2.337226 -0.034545 0.840191 -0.031791 0.540254
1403638600.927830 8.667331 5.424840 2.351130 -0.018979 0.843417 -0.019366 0.536575
1403638601.027829 8.721032 5.572580 2.360032 -0.005445 0.844302 -0.008232 0.535777
1403638601.127830 8.785519 5.711440 2.363116 0.001104 0.843164 -0.002443 0.537650
1403638601.227829 8.854962 5.843928 2.361489 0.009744 0.840199 0.004961 0.542168
1403638601.327830 8.932437 5.980545 2.356879 0.016064 0.832826 0.011534 0.553181
1403638601.427830 9.015035 6.119907 2.353083 0.005597 0.828473 0.014043 0.559825
1403638601.527829 9.100446 6.260722 2.356298 -0.006177 0.824307 0.023627 0.565617
1403638601.627830 9.185202 6.398143 2.366234 -0.017365 0.821011 0.040656 0.569198
1403638601.727829 9.269750 6.537377 2.381926 -0.029542 0.818488 0.063713 0.570215
1403638601.827830 9.352796 6.678352 2.405392 -0.043071 0.814183 0.091401 0.571748
1403638601.927830 9.431175 6.818014 2.435288 -0.057277 0.809655 0.119062 0.571842
1403638602.027829 9.505697 6.957361 2.462562 -0.070405 0.807279 0.139278 0.569162
1403638602.127830 9.577706 7.100026 2.483203 -0.078657 0.804212 0.154659 0.568451
1403638602.227829 9.645241 7.244478 2.498012 -0.084244 0.797904 0.171467 0.571709
1403638602.327830 9.710135 7.393403 2.506731 -0.097588 0.789310 0.187547 0.576448
1403638602.427830 9.762643 7.544652 2.527496 -0.129786 0.773519 0.195329 0.588788
1403638602.527829 9.807901 7.694092 2.554949 -0.165388 0.749917 0.200551 0.608318
1403638602.627830 9.839763 7.832097 2.588875 -0.194644 0.732927 0.208618 0.617584
1403638602.727829 9.856420 7.953864 2.626922 -0.209765 0.726717 0.225495 0.614030
1403638602.827830 9.856196 8.058891 2.670941 -0.217956 0.722956 0.246677 0.607438
1403638602.927830 9.839076 8.147497 2.718287 -0.232045 0.721323 0.264739 0.596458
1403638603.027829 9.811911 8.222374 2.764874 -0.253913 0.719945 0.278351 0.582862
1403638603.127830 9.779053 8.283925 2.807703 -0.270808 0.712154 0.292349 0.577955
1403638603.227829 9.739380 8.328961 2.839169 -0.275371 0.711515 0.308305 0.568212
1403638603.327830 9.694257 8.361204 2.861017 -0.269318 0.723439 0.325042 0.546307
1403638603.427830 9.646885 8.385552 2.875192 -0.263620 0.734338 0.336210 0.527461
1403638603.527829 9.600855 8.405942 2.886118 -0.261726 0.737917 0.341523 0.519942
1403638603.627830 9.555733 8.425032 2.894448 -0.266087 0.731906 0.343792 0.524707
1403638603.727829 9.509145 8.439468 2.896250 -0.263064 0.723564 0.348689 0.534480
1403638603.827830 9.459353 8.447779 2.890312 -0.256829 0.715586 0.354125 0.544583
1403638603.927830 9.402708 8.452351 2.876958 -0.249911 0.708381 0.358601 0.554208
1403638604.027829 9.338814 8.452763 2.856684 -0.244526 0.703278 0.361201 0.561374
1403638604.127830 9.264940 8.454505 2.836284 -0.240771 0.700305 0.362735 0.565708
1403638604.227829 9.181470 8.450414 2.823139 -0.243949 0.701678 0.361247 0.563593
1403638604.327830 9.085713 8.443377 2.817555 -0.250645 0.708187 0.357250 0.554996
1403638604.427830 8.981887 8.430418 2.818514 -0.252928 0.716324 0.355963 0.544241
1403638604.527829 8.874130 8.412349 2.826603 -0.250116 0.723538 0.358108 0.534503
1403638604.627830 8.763532 8.392958 2.835013 -0.249177 0.726638 0.359013 0.530112
1403638604.727829 8.652129 8.372485 2.836621 -0.253366 0.729245 0.356383 0.526306
1403638604.827830 8.540994 8.349496 2.835215 -0.256766 0.731514 0.354100 0.523040
1403638604.927830 8.430329 8.324624 2.836206 -0.255285 0.735624 0.355158 0.517253
1403638605.027829 8.321605 8.298011 2.841569 -0.252513 0.742781 0.357264 0.506830
1403638605.127830 8.214769 8.270789 2.855303 -0.249763 0.748134 0.359268 0.498839
1403638605.227829 8.114311 8.246740 2.875640 -0.246799 0.749950 0.361421 0.496024
1403638605.327830 8.018972 8.229542 2.893144 -0.242083 0.748907 0.364746 0.497488
1403638605.427830 7.927255 8.218963 2.906690 -0.235267 0.741258 0.369822 0.508348
1403638605.527829 7.834716 8.211512 2.912759 -0.229184 0.731034 0.374303 0.522457
1403638605.627830 7.740726 8.208067 2.912674 -0.223000 0.723596 0.378748 0.532194
1403638605.727829 7.641062 8.210295 2.911706 -0.220141 0.720343 0.380826 0.536297
1403638605.827830 7.533179 8.217779 2.918427 -0.218587 0.720937 0.381634 0.535560
1403638605.927830 7.421870 8.230188 2.935132 -0.215744 0.720348 0.383170 0.536408
1403638606.027829 7.304811 8.251825 2.952544 -0.211629 0.719703 0.384867 0.537697
1403638606.127830 7.181016 8.276631 2.967521 -0.208725 0.719771 0.385740 0.538116
1403638606.227829 7.049313 8.307970 2.971610 -0.205607 0.719956 0.387211 0.538011
1403638606.327830 6.910719 8.343731 2.972043 -0.206843 0.723914 0.385227 0.533633
1403638606.427830 6.765488 8.385954 2.961704 -0.213823 0.734170 0.379466 0.520845
1403638606.527829 6.616809 8.433197 2.947065 -0.222433 0.744729 0.372598 0.507024
1403638606.627830 6.471185 8.485678 2.928080 -0.228003 0.750777 0.371226 0.496528
1403638606.727829 6.326539 8.544609 2.905386 -0.232091 0.752220 0.377667 0.487511
1403638606.827830 6.190213 8.611286 2.877898 -0.238697 0.749704 0.388750 0.479417
1403638606.927830 6.053497 8.683074 2.854393 -0.248486 0.743695 0.403026 0.471956
1403638607.027829 5.927452 8.765098 2.835790 -0.261843 0.735495 0.417954 0.464543
1403638607.127830 5.811651 8.853746 2.827117 -0.278725 0.727948 0.427572 0.457806
1403638607.227829 5.704484 8.948623 2.823832 -0.293242 0.715273 0.433838 0.462794
1403638607.327830 5.603098 9.046284 2.814510 -0.306162 0.703462 0.435975 0.470459
1403638607.427830 5.507702 9.145554 2.796067 -0.315428 0.696869 0.436668 0.473499
1403638607.527829 5.417182 9.243847 2.768289 -0.319747 0.695952 0.437292 0.471368
1403638607.627830 5.331831 9.338600 2.735563 -0.320932 0.694697 0.438583 0.471215
1403638607.727829 5.250796 9.431024 2.700212 -0.320597 0.692313 0.438998 0.474553
1403638607.827830 5.172043 9.521593 2.661860 -0.319845 0.692938 0.438663 0.474459
1403638607.927830 5.095791 9.608643 2.621239 -0.322197 0.697156 0.435239 0.469819
1403638608.027829 5.024623 9.694809 2.574715 -0.324383 0.698865 0.431604 0.469128
1403638608.127830 4.958789 9.779234 2.524289 -0.322760 0.696249 0.430603 0.475021
1403638608.227829 4.898091 9.859281 2.470110 -0.319217 0.692254 0.431207 0.482644
1403638608.327830 4.840550 9.935469 2.411767 -0.319198 0.687282 0.429678 0.491054
1403638608.427830 4.783819 10.005820 2.349146 -0.319774 0.683686 0.428911 0.496339
1403638608.527829 4.727181 10.073056 2.279814 -0.318143 0.685567 0.429580 0.494210
1403638608.627830 4.670761 10.134507 2.208824 -0.320336 0.684775 0.427192 0.495958
1403638608.727829 4.612361 10.189353 2.143295 -0.324281 0.681968 0.424909 0.499212
1403638608.827830 4.556195 10.238126 2.080449 -0.322650 0.684671 0.426285 0.495382
1403638608.927830 4.498455 10.281671 2.025566 -0.321006 0.688596 0.427582 0.489861
1403638609.027829 4.442833 10.318863 1.977645 -0.321223 0.692302 0.427718 0.484346
1403638609.127830 4.389557 10.352960 1.936215 -0.320126 0.693828 0.428386 0.482294
1403638609.227829 4.340379 10.383082 1.899290 -0.326956 0.693842 0.423518 0.481991
1403638609.327830 4.293759 10.409279 1.857387 -0.330784 0.694259 0.420496 0.481425
1403638609.427830 4.251721 10.431788 1.808109 -0.327661 0.694225 0.422444 0.481903
1403638609.527829 4.211127 10.449497 1.752345 -0.323911 0.694307 0.424570 0.482452
1403638609.627830 4.173244 10.467454 1.690017 -0.321886 0.694362 0.425475 0.482930
1403638609.727829 4.137909 10.480508 1.623510 -0.318844 0.693210 0.427655 0.484674
1403638609.827830 4.104944 10.497124 1.559742 -0.319244 0.694261 0.427386 0.483142
1403638609.927830 4.075614 10.504311 1.506904 -0.319483 0.693847 0.427160 0.483778
1403638610.027829 4.052545 10.510245 1.461657 -0.321900 0.692661 0.425589 0.485258
1403638610.127830 4.028570 10.511773 1.423895 -0.325004 0.689808 0.423312 0.489228
1403638610.227829 4.006283 10.509273 1.385918 -0.326314 0.687035 0.422325 0.493097
1403638610.327830 3.984568 10.501794 1.341540 -0.327524 0.686142 0.421086 0.494594
1403638610.427830 3.965693 10.490050 1.291050 -0.328847 0.685779 0.419860 0.495261
1403638610.527829 3.945369 10.473175 1.235776 -0.328385 0.682842 0.419773 0.499681
1403638610.627830 3.925271 10.449098 1.177926 -0.333886 0.675674 0.415781 0.509029
1403638610.727829 3.902782 10.415509 1.120106 -0.334146 0.676359 0.416044 0.507732
1403638610.827830 3.878757 10.373708 1.067271 -0.331016 0.683657 0.419429 0.497112
1403638610.927830 3.858064 10.327374 1.026508 -0.329432 0.686594 0.421973 0.491937
1403638611.027829 3.838651 10.277964 0.987570 -0.332170 0.685550 0.420180 0.493086
1403638611.127830 3.817868 10.222444 0.940581 -0.334681 0.682851 0.419140 0.496008
1403638611.227829 3.800500 10.161801 0.893097 -0.334480 0.682300 0.420102 0.496088
1403638611.327830 3.783711 10.093843 0.849347 -0.331770 0.681645 0.422453 0.496812
1403638611.427830 3.765527 10.019233 0.810526 -0.321035 0.677034 0.429572 0.504014
1403638611.527829 3.743471 9.942436 0.777150 -0.310242 0.674169 0.436484 0.508654
1403638611.627830 3.715231 9.862234 0.747784 -0.305004 0.676049 0.439013 0.507147
1403638611.727829 3.683789 9.780621 0.722939 -0.306930 0.680210 0.437203 0.501958
1403638611.827830 3.650640 9.697426 0.694014 -0.313366 0.686030 0.432165 0.494367
1403638611.927830 3.617865 9.614093 0.661274 -0.317084 0.690809 0.428641 0.488372
1403638612.027829 3.585858 9.530424 0.628236 -0.318769 0.693497 0.426977 0.484911
1403638612.127830 3.555754 9.447280 0.598829 -0.320185 0.695382 0.425373 0.482683
1403638612.227829 3.527816 9.362929 0.579051 -0.319373 0.695923 0.425509 0.482322
1403638612.327830 3.503998 9.279752 0.564285 -0.318825 0.695570 0.425797 0.482939
1403638612.427830 3.482477 9.195440 0.552878 -0.317997 0.694546 0.425571 0.485153
1403638612.527829 3.461846 9.109727 0.534385 -0.315981 0.692525 0.425487 0.489414
1403638612.627830 3.442768 9.024184 0.510393 -0.311175 0.690858 0.427357 0.493205
1403638612.727829 3.418846 8.935135 0.475744 -0.306890 0.689069 0.428444 0.497432
1403638612.827830 3.396144 8.848802 0.441441 -0.305904 0.688128 0.426816 0.500730
1403638612.927830 3.367660 8.760365 0.407583 -0.306801 0.687701 0.424360 0.502851
1403638613.027829 3.338851 8.672461 0.381127 -0.306687 0.690163 0.423354 0.500389
1403638613.127830 3.307248 8.585015 0.363766 -0.306907 0.691680 0.422464 0.498910
1403638613.227829 3.271645 8.493512 0.351935 -0.306858 0.693393 0.422144 0.496828
1403638613.327830 3.238893 8.405318 0.348290 -0.305887 0.693970 0.422675 0.496171
1403638613.427830 3.202393 8.314801 0.347326 -0.305166 0.693253 0.423190 0.497177
1403638613.527829 3.166015 8.225626 0.340631 -0.306279 0.693151 0.419720 0.499570
1403638613.627830 3.129321 8.137706 0.328844 -0.308133 0.694741 0.413521 0.501387
1403638613.727829 3.089003 8.046808 0.310715 -0.312045 0.693751 0.406870 0.505762
1403638613.827830 3.049905 7.954185 0.283974 -0.311836 0.694254 0.399490 0.511056
1403638613.927830 3.009660 7.856089 0.251531 -0.306500 0.698435 0.390686 0.515374
1403638614.027829 2.970725 7.753967 0.214700 -0.295958 0.705541 0.379956 0.519860
1403638614.127830 2.930276 7.649242 0.174321 -0.282990 0.715034 0.366955 0.523438
1403638614.227829 2.888588 7.540070 0.137243 -0.269453 0.724992 0.353670 0.526022
1403638614.327830 2.843694 7.425489 0.105758 -0.259613 0.732879 0.342419 0.527484
1403638614.427830 2.797933 7.310950 0.081504 -0.254408 0.738690 0.332742 0.528106
1403638614.527829 2.751790 7.198506 0.067140 -0.251470 0.743164 0.324573 0.528321
1403638614.627830 2.705794 7.085389 0.061027 -0.247910 0.747686 0.314505 0.529711
1403638614.727829 2.663801 6.975452 0.066426 -0.245475 0.755241 0.300249 0.528397
1403638614.827830 2.624838 6.864619 0.082214 -0.240313 0.765955 0.283200 0.524747
1403638614.927830 2.589965 6.749740 0.105187 -0.229638 0.776314 0.265555 0.523530
1403638615.027829 2.563555 6.635404 0.133960 -0.215115 0.785359 0.244906 0.526268
1403638615.127830 2.543179 6.517752 0.167141 -0.194628 0.791780 0.223587 0.534054
1403638615.227829 2.527629 6.394237 0.206015 -0.170498 0.793754 0.202629 0.547564
1403638615.327830 2.516507 6.272767 0.245992 -0.148465 0.796757 0.178596 0.557889
1403638615.427830 2.507593 6.156601 0.280964 -0.127672 0.800236 0.152711 0.565686
1403638615.527829 2.497429 6.038936 0.307657 -0.108150 0.804164 0.127261 0.570463
1403638615.627830 2.485106 5.921756 0.327198 -0.092946 0.806619 0.106186 0.573979
1403638615.727829 2.471648 5.805266 0.345631 -0.082879 0.808460 0.091382 0.575477
1403638615.827830 2.457156 5.689533 0.372321 -0.076111 0.809691 0.080504 0.576305
1403638615.927830 2.439842 5.573482 0.402489 -0.070954 0.810684 0.067855 0.577194
1403638616.027829 2.423273 5.458842 0.426832 -0.062846 0.812297 0.055972 0.577140
1403638616.127830 2.402735 5.340102 0.444820 -0.053067 0.813219 0.043328 0.577912
1403638616.227829 2.386205 5.225254 0.443355 -0.043396 0.814662 0.026966 0.577682
1403638616.327830 2.366069 5.106442 0.427097 -0.031004 0.815600 0.007970 0.577729
1403638616.427830 2.345161 4.985718 0.400098 -0.018162 0.816238 -0.010937 0.577327
1403638616.527829 2.322776 4.865400 0.368373 -0.008739 0.817020 -0.026534 0.575932
1403638616.627830 2.299916 4.746058 0.333424 -0.000911 0.819918 -0.037500 0.571251
1403638616.727829 2.279245 4.622877 0.295028 0.000663 0.827110 -0.047068 0.560065
1403638616.827830 2.262439 4.502086 0.253028 -0.004116 0.834681 -0.056259 0.547837
1403638616.927830 2.251247 4.379041 0.215112 -0.004463 0.836747 -0.059095 0.544373
1403638617.027829 2.250163 4.250166 0.188270 0.002547 0.833559 -0.054205 0.549758
1403638617.127830 2.252849 4.120458 0.170989 0.009574 0.829714 -0.047415 0.556088
1403638617.227829 2.258575 3.989341 0.158358 0.013042 0.829542 -0.041794 0.556725
1403638617.327830 2.268353 3.857126 0.150511 0.012233 0.832747 -0.038855 0.552153
1403638617.427830 2.282773 3.726831 0.149432 0.012851 0.836921 -0.035208 0.546039
1403638617.527829 2.303494 3.600452 0.157460 0.012640 0.838707 -0.031954 0.543498
1403638617.627830 2.331072 3.475881 0.173978 0.012594 0.838274 -0.029146 0.544324
1403638617.727829 2.366726 3.356063 0.199512 0.014347 0.836566 -0.024945 0.547109
1403638617.827830 2.407505 3.241163 0.231646 0.014666 0.836457 -0.022293 0.547382
1403638617.927830 2.453437 3.132479 0.271410 0.013287 0.835291 -0.021279 0.549235
1403638618.027829 2.503627 3.025534 0.309555 0.012288 0.834821 -0.020110 0.550016
1403638618.127830 2.558322 2.919992 0.341624 0.010286 0.834938 -0.019642 0.549897
1403638618.227829 2.616113 2.818241 0.366852 0.009770 0.834692 -0.018527 0.550319
1403638618.327830 2.677381 2.719814 0.387427 0.010191 0.834022 -0.017037 0.551374
1403638618.427830 2.741768 2.622866 0.404334 0.010028 0.833920 -0.016008 0.551562
1403638618.527829 2.809710 2.530862 0.420467 0.009494 0.833385 -0.014862 0.552411
1403638618.627830 2.881759 2.438683 0.433049 0.012154 0.833029 -0.016734 0.552843
1403638618.727829 2.957732 2.351298 0.447725 0.016352 0.832805 -0.018962 0.553000
1403638618.827830 3.037542 2.267560 0.467704 0.017699 0.831643 -0.022898 0.554555
1403638618.927830 3.120106 2.187495 0.493012 0.022548 0.828999 -0.028222 0.558083
1403638619.027829 3.204837 2.109067 0.514313 0.031271 0.824554 -0.039515 0.563534
1403638619.127830 3.289880 2.032478 0.527587 0.045280 0.820917 -0.055350 0.566552
1403638619.227829 3.375945 1.959145 0.533076 0.059045 0.817250 -0.077055 0.568048
1403638619.327830 3.461501 1.887890 0.528721 0.074419 0.813545 -0.101896 0.567647
1403638619.427830 3.545104 1.821411 0.520723 0.087837 0.808894 -0.125357 0.567680
1403638619.527829 3.628823 1.757637 0.506180 0.096051 0.804826 -0.143705 0.567783
1403638619.627830 3.711661 1.696832 0.496702 0.098954 0.801777 -0.159277 0.567444
1403638619.727829 3.793220 1.636533 0.481390 0.093509 0.799035 -0.174161 0.567862
1403638619.827830 3.872012 1.574578 0.464489 0.091246 0.796149 -0.183149 0.569453
1403638619.927830 3.946076 1.510134 0.445569 0.091829 0.794539 -0.188187 0.569966
1403638620.027829 4.016089 1.442809 0.421852 0.094468 0.793298 -0.190164 0.570607
1403638620.127830 4.079491 1.371752 0.406329 0.097922 0.790472 -0.190233 0.573914
1403638620.227829 4.138223 1.298471 0.394264 0.100695 0.788238 -0.189679 0.576683
1403638620.327830 4.190766 1.222775 0.390348 0.104723 0.789910 -0.187156 0.574498
1403638620.427830 4.237658 1.146190 0.394207 0.106026 0.791043 -0.185447 0.573253
1403638620.527829 4.273907 1.067143 0.401630 0.106594 0.792289 -0.183215 0.572143
1403638620.627830 4.306940 0.993273 0.405206 0.104731 0.794432 -0.182510 0.569736
1403638620.727829 4.341051 0.915471 0.402233 0.100898 0.797623 -0.183178 0.565742
1403638620.827830 4.372814 0.834730 0.394415 0.099554 0.800683 -0.181677 0.562129
1403638620.927830 4.403759 0.752726 0.383463 0.104504 0.802602 -0.175674 0.560399
1403638621.027829 4.430145 0.674616 0.368874 0.109292 0.801790 -0.169873 0.562434
1403638621.127830 4.454922 0.595603 0.354782 0.109907 0.800645 -0.166849 0.564845
1403638621.227829 4.482875 0.516785 0.348636 0.109578 0.799117 -0.164464 0.567764
1403638621.327830 4.510059 0.439413 0.349355 0.111069 0.799631 -0.161444 0.567618
1403638621.427830 4.535145 0.365517 0.348713 0.110985 0.798444 -0.159371 0.569887
1403638621.527829 4.559667 0.292898 0.343003 0.111810 0.796496 -0.156784 0.573159
1403638621.627830 4.579145 0.228205 0.332796 0.111792 0.794805 -0.155436 0.575871
1403638621.727829 4.595545 0.167301 0.317063 0.112051 0.793999 -0.154282 0.577241
1403638621.827830 4.610957 0.106737 0.297390 0.113506 0.791694 -0.152708 0.580532
1403638621.927830 4.621011 0.051717 0.275466 0.114978 0.788258 -0.151141 0.585308
1403638622.027829 4.624487 0.005963 0.251027 0.114279 0.786750 -0.151158 0.587465
1403638622.127830 4.626610 -0.040487 0.222035 0.111720 0.787366 -0.153376 0.586557
1403638622.227829 4.622342 -0.080687 0.193546 0.109395 0.787670 -0.155157 0.586118
1403638622.327830 4.613383 -0.118752 0.171091 0.107188 0.787630 -0.157196 0.586036
1403638622.427830 4.597295 -0.149617 0.159201 0.109773 0.788524 -0.156585 0.584518
1403638622.527829 4.577872 -0.183654 0.152454 0.112719 0.788559 -0.155454 0.584211
1403638622.627830 4.554147 -0.213001 0.153152 0.117723 0.787024 -0.152965 0.585950
1403638622.727829 4.524740 -0.231891 0.167932 0.121136 0.779065 -0.151334 0.596223
1403638622.827830 4.491332 -0.252979 0.185536 0.123091 0.769409 -0.150844 0.608362
1403638622.927830 4.451945 -0.263846 0.207243 0.122739 0.769501 -0.152057 0.608015
1403638623.027829 4.402677 -0.270161 0.223420 0.120127 0.775670 -0.155059 0.599885
1403638623.127830 4.344284 -0.271932 0.233256 0.116148 0.781370 -0.158687 0.592274
1403638623.227829 4.278287 -0.267230 0.238509 0.112205 0.784414 -0.161602 0.588209
1403638623.327830 4.207609 -0.262215 0.238202 0.109760 0.787860 -0.163440 0.583538
1403638623.427830 4.134697 -0.259241 0.233813 0.109876 0.790614 -0.163565 0.579744
1403638623.527829 4.058168 -0.254364 0.228899 0.108521 0.791159 -0.164329 0.579040
1403638623.627830 3.978734 -0.249311 0.228873 0.111368 0.790559 -0.163065 0.579675
1403638623.727829 3.894148 -0.243334 0.235962 0.113079 0.791252 -0.162693 0.578502
1403638623.827830 3.806568 -0.235802 0.248304 0.114757 0.792105 -0.162427 0.577078
1403638623.927830 3.714912 -0.226293 0.264561 0.116351 0.793822 -0.163099 0.574201
1403638624.027829 3.620141 -0.216160 0.275168 0.116517 0.794470 -0.164239 0.572946
1403638624.127830 3.525286 -0.203273 0.281524 0.114308 0.794916 -0.167141 0.571933
1403638624.227829 3.430124 -0.191228 0.283765 0.111809 0.794860 -0.169998 0.571661
1403638624.327830 3.332337 -0.177497 0.280369 0.110752 0.794113 -0.171998 0.572307
1403638624.427830 3.235038 -0.164092 0.273134 0.110708 0.793851 -0.173336 0.572276
1403638624.527829 3.138518 -0.153658 0.265536 0.109604 0.790731 -0.175621 0.576098
1403638624.627830 3.037553 -0.141598 0.250366 0.107150 0.781008 -0.178037 0.588938
1403638624.727829 2.932722 -0.130062 0.235551 0.111481 0.783499 -0.171299 0.586820
1403638624.827830 2.829437 -0.120606 0.230617 0.114563 0.790595 -0.161713 0.579382
1403638624.927830 2.718331 -0.104677 0.230515 0.111889 0.795090 -0.156347 0.575211
1403638625.027829 2.614327 -0.093018 0.236437 0.104577 0.796723 -0.154609 0.574797
1403638625.127830 2.503086 -0.076518 0.238399 0.096340 0.797747 -0.155189 0.574660
1403638625.227829 2.401745 -0.066578 0.237070 0.092175 0.798993 -0.154273 0.573859
1403638625.327830 2.291946 -0.053238 0.232235 0.090857 0.799317 -0.152819 0.574006
1403638625.427830 2.180522 -0.041023 0.228919 0.090484 0.799144 -0.151586 0.574633
1403638625.527829 2.076578 -0.034667 0.233243 0.090305 0.799043 -0.151052 0.574942
1403638625.627830 1.969808 -0.025930 0.242918 0.090831 0.800532 -0.150866 0.572833
1403638625.727829 1.867945 -0.021248 0.259176 0.089702 0.803511 -0.151629 0.568624
1403638625.827830 1.760861 -0.013705 0.271627 0.088952 0.807846 -0.152676 0.562283
1403638625.927830 1.656215 -0.011380 0.282232 0.090124 0.808868 -0.152419 0.560696
1403638626.027829 1.553680 -0.010287 0.284915 0.090027 0.809599 -0.153418 0.559382
1403638626.127830 1.452560 -0.009367 0.283410 0.088318 0.810006 -0.155334 0.558535
1403638626.227829 1.355900 -0.010832 0.275523 0.089913 0.809867 -0.154690 0.558661
1403638626.327830 1.259680 -0.014432 0.266403 0.096256 0.807961 -0.150810 0.561418
1403638626.427830 1.166857 -0.016510 0.253202 0.101921 0.805836 -0.146678 0.564558
1403638626.527829 1.074572 -0.018679 0.236685 0.103325 0.807116 -0.145262 0.562838
1403638626.627830 0.984355 -0.019988 0.221174 0.102079 0.809195 -0.146018 0.559877
1403638626.727829 0.898187 -0.020166 0.207247 0.100339 0.812031 -0.146763 0.555876
1403638626.827830 0.815848 -0.020265 0.199066 0.098576 0.815228 -0.147709 0.551242
1403638626.927830 0.738436 -0.020238 0.200342 0.098554 0.817486 -0.147240 0.548019
1403638627.027829 0.669050 -0.021014 0.205760 0.097891 0.817589 -0.147060 0.548031
1403638627.127830 0.604457 -0.021944 0.207596 0.097140 0.817380 -0.146892 0.548522
1403638627.227829 0.540494 -0.023986 0.197316 0.096512 0.817226 -0.146666 0.548923
1403638627.327830 0.484479 -0.027245 0.186897 0.099100 0.817297 -0.144387 0.548960
1403638627.427830 0.434616 -0.029521 0.177321 0.100275 0.817185 -0.143349 0.549186
1403638627.527829 0.390045 -0.032062 0.165151 0.099967 0.816859 -0.143632 0.549653
1403638627.627830 0.352083 -0.033743 0.151510 0.103233 0.814827 -0.142134 0.552447
1403638627.727829 0.333828 -0.032833 0.130823 0.104321 0.811796 -0.142019 0.556717
1403638627.827830 0.303872 -0.033238 0.115159 0.105503 0.810468 -0.141701 0.558508
1403638627.927830 0.273408 -0.032200 0.099433 0.106273 0.811644 -0.141660 0.556662
1403638628.027829 0.252759 -0.030589 0.082090 0.107473 0.813284 -0.141634 0.554038
1403638628.127830 0.228558 -0.025530 0.068988 0.108045 0.814225 -0.142178 0.552404
1403638628.227829 0.206990 -0.018400 0.057367 0.108424 0.814328 -0.142908 0.551989
1403638628.327830 0.196307 -0.009286 0.047649 0.108081 0.815089 -0.144057 0.550632
1403638628.427830 0.185116 0.000152 0.040744 0.105582 0.814638 -0.146130 0.551238
1403638628.527829 0.177982 0.010419 0.036965 0.097290 0.808781 -0.152433 0.559619
1403638628.627830 0.172081 0.019497 0.036188 0.091024 0.801972 -0.157097 0.569101
1403638628.727829 0.164719 0.026809 0.034738 0.088517 0.801472 -0.158847 0.569715
1403638628.827830 0.161026 0.032020 0.027529 0.092143 0.803010 -0.156852 0.567523
1403638628.927830 0.154835 0.035096 0.016454 0.096569 0.803106 -0.154465 0.567305
1403638629.027829 0.147576 0.037851 0.005662 0.101552 0.804140 -0.151042 0.565890
1403638629.127830 0.142532 0.042513 0.000123 0.105078 0.805494 -0.148277 0.564050
1403638629.227829 0.132108 0.047017 -0.006279 0.106771 0.806495 -0.146779 0.562691
1403638629.327830 0.120704 0.052099 -0.009912 0.108069 0.807301 -0.146069 0.561472
1403638629.427830 0.112636 0.059807 -0.011701 0.107621 0.811374 -0.147021 0.555404
1403638629.527829 0.115199 0.065719 -0.011257 0.104796 0.816045 -0.149588 0.548372
1403638629.627830 0.121105 0.071913 -0.009359 0.097663 0.816350 -0.154939 0.547748
1403638629.727829 0.129251 0.076659 -0.005199 0.087534 0.812335 -0.162563 0.553193
1403638629.827830 0.136942 0.079324 -0.002339 0.083689 0.806306 -0.165806 0.561583
1403638629.927830 0.143798 0.078355 -0.006267 0.088873 0.800171 -0.163073 0.570295
1403638630.027829 0.147853 0.074778 -0.019552 0.099797 0.794353 -0.155862 0.578577
1403638630.127830 0.148263 0.072191 -0.044237 0.106384 0.794751 -0.151232 0.578084
1403638630.227829 0.145645 0.070945 -0.075432 0.108935 0.798852 -0.149179 0.572463
1403638630.327830 0.141219 0.070434 -0.113104 0.111237 0.805487 -0.148707 0.562764
1403638630.427830 0.149906 0.073950 -0.115769 0.096504 0.811680 -0.155157 0.554788
1403638630.527829 0.160479 0.074346 -0.107670 0.105609 0.802148 -0.147786 0.568827
1403638630.627830 0.169328 0.075899 -0.119718 0.106394 0.801341 -0.148141 0.569726
1403638630.727829 0.174117 0.074089 -0.137556 0.096766 0.827587 -0.141442 0.534537
1403638630.827830 0.165309 0.070389 -0.142253 0.101121 0.825035 -0.143382 0.537153
1403638630.927830 0.159269 0.070962 -0.147385 0.100135 0.825895 -0.141593 0.536490
1403638631.027829 0.151912 0.071935 -0.152260 0.099636 0.826120 -0.141854 0.536167
1403638631.127830 0.144320 0.072688 -0.157017 0.099199 0.826155 -0.142209 0.536102
1403638631.227829 0.136080 0.073553 -0.161714 0.099380 0.826165 -0.142088 0.536083
1403638631.327830 0.128231 0.073269 -0.164589 0.099345 0.826062 -0.142135 0.536237
1403638631.427830 0.119858 0.073661 -0.168351 0.099548 0.826080 -0.141973 0.536214
1403638631.527829 0.111558 0.074179 -0.172036 0.099568 0.826173 -0.142080 0.536039
1403638631.627830 0.103214 0.074713 -0.175645 0.099797 0.826250 -0.141929 0.535918
